#From Yaswant Devarakonda and directed by Steve Finkelstein (Spring 2018)
#
# update: values are number of trials out of 1000 in which at least one
#         object of that mag bin was found
#
#COL 1 IS SEPERATION IN ARCSECONDS
#REST IS THE NUMBER OF GALAXIES IN EACH MAG BIN, FROM 21-28   (each bin is +/- 0.5 mag)
#
# DD 1st col. 0 is 0.0 - 0.1,  next is 0.2 which is 0.1 to 0.3 (sep in arcsec)
# DD 2nd to nth column are magnitude bins (20.5 to 21.5 (center 21), 21.5x to 22.5 (center 22)...)
# DD totals from 1000 random positions
# DD the first column is the center of the bin (1st and last rows are half sized)
# DD annuli 0-0.1", then 0.1 to 0.3" (center is 0.2") ...
# DD these are V-band mags
# DD 1st and last bins are 1/2 sized
#
#
# centers of bins
#
# sep, 21, 22, 23, 24, 25, 26, 27, 28

 0.  0.  0.  0.  0.  2.  0.  0.  1.
  0.2   0.    0.    2.    2.    2.    6.   11.   12. 
  0.4   0.    0.    1.    1.    6.   15.   15.   21. 
  0.6   0.    0.    0.    2.    6.   23.   29.   32. 
  0.8   0.    1.    1.    4.   14.   20.   42.   46. 
  1.   0.   1.   1.   4.  14.  24.  47.  59.
  1.2   0.    0.    1.    5.   25.   31.   50.   65. 
  1.4   1.    0.    2.    7.   23.   39.   56.   84. 
  1.6   0.    2.    2.   18.   24.   37.   70.   86. 
   1.8    0.     1.     3.     6.    19.    51.    86.   106. 
   2.    0.    2.    5.    7.   24.   52.   88.  129.
   2.2    0.     3.     3.    14.    25.    52.    66.   148. 
   2.4    2.     2.     7.    15.    32.    65.    95.   144. 
   2.6    1.     2.     8.    12.    37.    69.   114.   146. 
   2.8    0.     1.     5.    13.    41.    73.   122.   133. 
   3.    1.    5.    2.    7.   47.   85.  125.  180.
   3.2    1.     6.     6.    23.    52.    93.   136.   198. 
   3.4    1.     3.     7.    20.    40.    88.   127.   181. 
   3.6    2.     6.    14.    19.    50.    90.   151.   208. 
   3.8    4.     4.     3.    16.    50.   109.   136.   229. 
   4.    3.    3.    8.   18.   46.  117.  175.  219.
   4.2    1.     1.    10.    32.    53.    98.   158.   233. 
   4.4    3.     2.     9.    27.    51.   107.   150.   217. 
   4.6    0.     5.    11.    29.    72.   120.   194.   243. 
   4.8    3.     2.    16.    33.    65.   137.   201.   254. 
   5.    2.    4.   13.   32.   59.  128.  187.  256.
   5.2    2.     0.    12.    21.    64.   136.   218.   264. 
   5.4    3.     3.     8.    31.    70.   143.   215.   312. 
   5.6    4.     3.     5.    30.    67.   131.   232.   299. 
   5.8    4.     6.     9.    33.    86.   141.   224.   268. 
   6.    1.    5.   14.   35.   92.  152.  224.  308.
   6.2    3.     3.     9.    33.    66.   152.   231.   329. 
   6.4    4.     4.    17.    38.    83.   173.   234.   354. 
   6.6    2.     9.    17.    35.    98.   152.   236.   340. 
   6.8    3.     5.    11.    30.    97.   170.   259.   361. 
   7.    4.    8.   12.   32.   95.  171.  257.  339.
   7.2    3.     8.    13.    35.    99.   187.   257.   341. 
   7.4    0.     6.    12.    29.   107.   179.   283.   370. 
   7.6    3.     3.    10.    45.   109.   187.   283.   380. 
   7.8    2.     8.    21.    46.   110.   216.   316.   421. 
   8.    4.    7.   13.   39.  125.  206.  293.  360.
   8.2    4.     8.    17.    44.   107.   192.   289.   370. 
   8.4    3.    10.    13.    37.    97.   205.   305.   374. 
   8.6    2.     4.    21.    44.   105.   206.   325.   427. 
   8.8    2.     4.    14.    52.   117.   204.   344.   380. 
   9.    5.    8.   16.   42.  113.  231.  355.  449.
   9.2    3.     8.    16.    41.   132.   211.   349.   441. 
   9.4    3.     9.    16.    46.   125.   218.   373.   444. 
   9.6    2.     5.    18.    45.   129.   211.   350.   472. 
   9.8    3.     7.    14.    51.   138.   227.   344.   437. 
  10.    1.    6.   18.   48.  126.  227.  335.  440.
  10.2    1.     7.    20.    44.   123.   250.   340.   472. 
  10.4    5.     9.    19.    47.   142.   249.   339.   476. 
  10.6    5.    10.    20.    58.   137.   259.   341.   480. 
  10.8    0.     6.    15.    56.   147.   248.   344.   484. 
  11.    4.    4.   20.   60.  151.  265.  380.  486.
  11.2    2.    11.    20.    50.   136.   268.   391.   477. 
  11.4    6.    13.    19.    60.   141.   276.   403.   511. 
  11.6    4.    15.    21.    57.   153.   273.   374.   499. 
  11.8    2.    16.    22.    52.   145.   280.   386.   512. 
  12.    2.   14.   11.   59.  170.  274.  389.  509.
  12.2    5.     7.    30.    63.   156.   283.   393.   523. 
  12.4    3.    14.    31.    77.   144.   305.   408.   530. 
  12.6    4.     8.    25.    56.   161.   300.   430.   534. 
  12.8    3.    14.    29.    57.   147.   316.   438.   534. 
  13.    7.    3.   19.   55.  156.  300.  430.  544.
  13.2    5.    11.    21.    70.   169.   314.   430.   543. 
  13.4    1.     9.    24.    64.   178.   309.   418.   607. 
  13.6    3.    12.    20.    63.   151.   314.   453.   546. 
  13.8    3.    11.    23.    71.   171.   305.   442.   588. 
  14.    4.   14.   20.   86.  169.  329.  457.  553.
  14.2    7.     9.    19.    81.   191.   310.   448.   579. 
  14.4    0.     6.    29.    54.   171.   292.   494.   582. 
  14.6   11.     5.    14.    73.   171.   328.   490.   580. 
  14.8    4.    11.    28.    86.   188.   323.   455.   613. 
  15.    6.    8.   25.   72.  207.  346.  478.  582.
  15.2    7.    10.    21.    78.   200.   327.   465.   618. 
  15.4    6.     8.    24.    83.   175.   338.   482.   592. 
  15.6    4.     4.    27.    78.   204.   350.   490.   608. 
  15.8    5.    14.    27.    92.   218.   352.   537.   585. 
  16.    6.   12.   30.   86.  212.  376.  479.  610.
  16.2    9.    12.    27.    94.   219.   362.   487.   590. 
  16.4    9.    11.    28.    69.   186.   360.   471.   634. 
  16.6    5.    11.    36.    65.   208.   410.   518.   622. 
  16.8    6.    13.    32.    80.   222.   377.   533.   648. 
  17.    8.   12.   26.   80.  219.  368.  505.  629.
  17.2    5.    10.    26.    93.   233.   344.   536.   635. 
  17.4    6.     2.    28.    75.   223.   419.   499.   623. 
  17.6    8.    15.    47.    97.   209.   386.   533.   650. 
  17.8    4.     8.    38.    85.   217.   379.   543.   648. 
  18.    6.   16.   33.   92.  231.  395.  548.  636.
  18.2    5.    10.    26.    85.   225.   398.   546.   688. 
  18.4    2.    14.    31.    90.   213.   393.   556.   674. 
  18.6   11.    22.    47.    91.   226.   377.   543.   674. 
  18.8    6.    14.    32.    75.   217.   399.   545.   666. 
  19.    7.    9.   28.   95.  221.  425.  562.  684.
  19.2   10.    14.    34.   111.   244.   430.   588.   693. 
  19.4    3.    15.    39.    81.   254.   439.   593.   720. 
  19.6    6.    15.    19.    86.   239.   415.   567.   670. 
  19.8   15.    15.    26.   100.   265.   398.   585.   706. 
  20.    5.   12.   35.  117.  243.  432.  556.  699.
  20.2    5.    13.    27.   103.   255.   422.   596.   688. 
  20.4   10.    19.    33.   116.   223.   425.   590.   699. 
  20.6    8.    17.    37.   113.   239.   451.   592.   691. 
  20.8    8.    15.    49.    97.   237.   426.   599.   704. 
  21.    7.   15.   36.  101.  258.  456.  574.  705.
  21.2    8.    15.    41.   120.   249.   449.   593.   717. 
  21.4   11.    16.    32.   103.   282.   465.   613.   696. 
  21.6    5.    19.    39.   103.   265.   444.   606.   738. 
  21.8   14.    15.    37.   103.   267.   425.   615.   725. 
  22.    8.   13.   36.  123.  262.  473.  633.  727.
  22.2    6.    12.    37.    83.   251.   431.   641.   711. 
  22.4    8.    16.    59.    86.   277.   462.   635.   726. 
  22.6    7.    21.    40.   102.   257.   462.   632.   717. 
  22.8    8.    26.    39.    98.   274.   440.   625.   733. 
  23.   11.   18.   37.  126.  254.  495.  644.  724.
  23.2    7.    21.    42.    99.   260.   474.   634.   746. 
  23.4    9.    16.    40.   117.   243.   505.   641.   744. 
  23.6    8.    17.    42.   115.   266.   478.   636.   720. 
  23.8    6.    23.    46.   115.   270.   487.   638.   760. 
  24.    7.   23.   38.  124.  261.  477.  644.  761.
  24.2    5.    21.    45.   111.   314.   486.   650.   765. 
  24.4    5.    26.    43.   122.   277.   491.   637.   761. 
  24.6   10.    16.    46.   131.   309.   492.   675.   756. 
  24.8    7.    20.    42.   131.   301.   502.   633.   770. 
  25.    8.   16.   36.  116.  274.  498.  677.  767.
  25.2    8.    21.    47.   127.   264.   502.   629.   755. 
  25.4    5.    14.    40.   148.   321.   494.   657.   748. 
  25.6    6.    21.    50.   123.   297.   503.   691.   764. 
  25.8   10.    22.    49.   123.   292.   519.   668.   756. 
  26.    5.   17.   41.  132.  301.  515.  643.  792.
  26.2   10.    13.    51.   121.   305.   538.   703.   779. 
  26.4   11.    10.    45.   130.   297.   521.   695.   780. 
  26.6   10.    25.    48.   133.   296.   547.   689.   791. 
  26.8   11.    18.    60.   140.   318.   520.   678.   785. 
  27.    9.   19.   55.  131.  332.  531.  669.  800.
  27.2   14.    20.    46.   137.   302.   499.   706.   794. 
  27.4    9.    22.    50.   130.   300.   528.   697.   808. 
  27.6   10.    22.    57.   147.   328.   511.   686.   813. 
  27.8    8.    20.    56.   120.   321.   544.   710.   816. 
  28.   10.   21.   63.  121.  315.  546.  660.  788.
  28.2    8.    25.    56.   147.   313.   520.   705.   810. 
  28.4    5.    21.    53.   128.   332.   548.   716.   804. 
  28.6   12.    24.    64.   148.   328.   542.   721.   825. 
  28.8   18.    20.    50.   136.   323.   548.   728.   785. 
  29.   14.   30.   51.  145.  358.  552.  719.  803.
  29.2    6.    25.    54.   142.   347.   567.   711.   816. 
  29.4    8.    15.    55.   133.   318.   560.   716.   821. 
  29.6   10.    22.    57.   154.   342.   554.   711.   830. 
  29.8    7.    17.    49.   144.   364.   560.   737.   817. 
  30.    7.   12.   32.   80.  199.  319.  466.  593.
