#From Yaswant Devarakonda and directed by Steve Finkelstein (Spring 2018)
#
#COL 1 IS SEPERATION IN ARCSECONDS
#REST IS THE NUMBER OF GALAXIES IN EACH MAG BIN, FROM 21-28   (each bin is +/- 0.5 mag)
#
# DD 1st col. 0 is 0.0 - 0.1,  next is 0.2 which is 0.1 to 0.3 (sep in arcsec)
# DD 2nd to nth column are magnitude bins (20.5 to 21.5 (center 21), 21.5x to 22.5 (center 22)...)
# DD totals from 1000 random positions (within each annulus)
# DD the first column is the center of the bin (1st and last rows are half sized)
# DD annuli 0-0.1", then 0.1 to 0.3" (center is 0.2") ...
# DD these are V-band mags
# DD 1st and last bins are 1/2 sized
#
#
# centers of bins
#
# sep, 21, 22, 23, 24, 25, 26, 27, 28
0.  0.  0.  0.  0.  2.  0.  0.  1.
0.2   0.    0.    2.    2.    2.    6.   11.   12. 
0.4   0.    0.    1.    1.    6.   15.   15.   21. 
0.6   0.    0.    0.    3.    6.   24.   29.   33. 
0.8   0.    1.    1.    4.   16.   21.   45.   46. 
1.   0.   1.   1.   4.  14.  26.  47.  59.
1.2   0.    0.    1.    5.   25.   33.   53.   66. 
1.4   1.    0.    2.    8.   24.   40.   57.   89. 
1.6   0.    2.    2.   18.   26.   39.   74.   92. 
1.8    0.     1.     3.     6.    20.    52.    89.   112. 
2.    0.    2.    5.    7.   25.   57.   99.  143.
2.2    0.     3.     3.    15.    26.    54.    68.   158. 
2.4    2.     2.     7.    15.    32.    68.   103.   158. 
2.6    1.     2.     8.    12.    39.    73.   123.   160. 
2.8    0.     1.     5.    13.    44.    82.   131.   147. 
3.    1.    5.    2.    9.   52.   89.  129.  200.
3.2    1.     6.     7.    24.    52.   103.   150.   221. 
3.4    1.     3.     7.    20.    41.    92.   137.   198. 
3.6    2.     6.    14.    19.    52.    99.   171.   237. 
3.8    4.     4.     3.    16.    52.   116.   150.   252. 
4.    3.    3.    8.   18.   48.  125.  193.  247.
4.2    1.     2.    10.    32.    55.   103.   178.   267. 
4.4    3.     2.     9.    27.    55.   123.   171.   255. 
4.6    0.     5.    11.    30.    77.   130.   218.   277. 
4.8    3.     2.    17.    34.    70.   144.   230.   288. 
5.    2.    4.   13.   33.   64.  138.  209.  301.
5.2    2.     0.    12.    21.    66.   150.   257.   327. 
5.4    3.     3.     8.    32.    72.   164.   247.   369. 
5.6    4.     3.     5.    34.    75.   146.   270.   358. 
5.8    4.     6.     9.    33.    89.   158.   254.   315. 
6.    1.    5.   14.   37.   94.  167.  267.  371.
6.2    3.     3.     9.    34.    70.   168.   263.   402. 
6.4    4.     4.    17.    40.    90.   192.   276.   445. 
6.6    2.    10.    17.    37.   106.   168.   270.   423. 
6.8    3.     5.    11.    33.   100.   200.   310.   457. 
7.    4.    8.   13.   34.  100.  191.  300.  429.
7.2    3.     8.    13.    35.   107.   208.   301.   437. 
7.4    0.     6.    12.    29.   116.   202.   348.   466. 
7.6    3.     3.    10.    45.   119.   213.   336.   472. 
7.8    2.     8.    21.    46.   113.   253.   396.   522. 
8.    4.    7.   13.   39.  129.  226.  361.  452.
8.2    4.     8.    17.    46.   121.   223.   358.   467. 
8.4    3.    10.    13.    39.   105.   248.   374.   477. 
8.6    2.     4.    22.    47.   111.   233.   406.   551. 
8.8    2.     4.    14.    56.   123.   234.   412.   501. 
9.    5.    8.   16.   43.  124.  273.  428.  599.
9.2    3.     8.    16.    42.   142.   237.   423.   583. 
9.4    3.     9.    16.    47.   134.   243.   462.   587. 
9.6    2.     6.    19.    48.   137.   238.   424.   654. 
9.8    3.     7.    15.    53.   147.   259.   431.   589. 
10.    1.    6.   18.   49.  132.  263.  434.  633.
10.2    1.     7.    20.    44.   136.   294.   439.   628. 
10.4    5.     9.    19.    47.   150.   308.   408.   659. 
10.6    5.    10.    20.    62.   147.   314.   424.   661. 
10.8    0.     6.    15.    61.   164.   302.   425.   674. 
11.    4.    4.   20.   62.  170.  301.  489.  681.
11.2    2.    11.    20.    52.   153.   312.   493.   677. 
11.4    6.    13.    19.    62.   158.   343.   507.   720. 
11.6    4.    15.    21.    61.   163.   331.   508.   727. 
11.8    2.    16.    22.    55.   157.   350.   498.   745. 
12.    2.   14.   11.   59.  191.  342.  527.  764.
12.2    5.     7.    30.    71.   178.   346.   503.   751. 
12.4    3.    14.    32.    84.   154.   359.   516.   747. 
12.6    4.     8.    26.    58.   177.   348.   580.   791. 
12.8    3.    15.    29.    61.   167.   380.   585.   774. 
13.    7.    3.   19.   63.  176.  380.  586.  817.
13.2    5.    12.    21.    77.   189.   382.   590.   798. 
13.4    1.     9.    25.    65.   196.   371.   569.   893. 
13.6    3.    12.    21.    69.   172.   381.   612.   831. 
13.8    3.    11.    24.    80.   192.   370.   578.   900. 
14.    4.   14.   21.   88.  191.  403.  602.  860.
14.2    7.    10.    19.    86.   220.   383.   629.   903. 
14.4    0.     6.    29.    55.   201.   372.   685.   889. 
14.6   11.     5.    14.    75.   190.   406.   697.   880. 
14.8    4.    11.    28.    92.   209.   408.   615.   924. 
15.    6.    8.   25.   74.  235.  430.  668.  897.
15.2    7.    10.    22.    84.   233.   405.   639.   953. 
15.4    6.     8.    24.    92.   205.   435.   666.   962. 
15.6    4.     4.    28.    84.   236.   423.   666.   963. 
15.8    5.    16.    27.    95.   258.   441.   731.   907. 
16.    6.   13.   33.   92.  237.  472.  668.  963.
16.2    9.    12.    28.    99.   249.   467.   657.   930. 
16.4     9.     12.     28.     73.    212.    452.    651.   1036. 
16.6    5.    11.    38.    69.   235.   531.   719.   999. 
16.8     6.     13.     36.     88.    256.    489.    784.   1067. 
17.     8.    12.    26.    87.   254.   480.   762.  1022.
17.2     5.     10.     30.     96.    278.    434.    778.   1065. 
17.4     6.      2.     29.     82.    253.    551.    693.   1031. 
17.6     8.     15.     47.    103.    240.    506.    758.   1082. 
17.8     4.      8.     44.     89.    265.    482.    785.   1101. 
18.     6.    16.    33.    95.   264.   497.   783.  1060.
18.2     5.     10.     26.     91.    250.    514.    790.   1109. 
18.4     2.     14.     32.     97.    248.    509.    802.   1141. 
18.6    11.     23.     51.     96.    268.    499.    813.   1203. 
18.8     6.     14.     37.     81.    261.    520.    825.   1139. 
19.     7.     9.    30.   105.   260.   564.   836.  1163.
19.2    10.     14.     35.    120.    285.    568.    878.   1174. 
19.4     3.     15.     39.     89.    293.    564.    875.   1239. 
19.6     6.     15.     19.     92.    292.    545.    857.   1164. 
19.8    15.     15.     26.    108.    307.    544.    883.   1273. 
20.     5.    12.    37.   130.   295.   551.   838.  1178.
20.2     5.     13.     30.    112.    304.    547.    913.   1258. 
20.4    10.     19.     35.    127.    267.    590.    898.   1270. 
20.6     8.     17.     37.    117.    284.    605.    929.   1250. 
20.8     8.     15.     52.    105.    281.    575.    925.   1254. 
21.     7.    15.    38.   112.   316.   625.   897.  1300.
21.2     8.     15.     43.    130.    295.    597.    933.   1291. 
21.4    11.     16.     33.    110.    339.    634.    972.   1294. 
21.6     5.     20.     39.    110.    307.    610.    963.   1338. 
21.8    14.     15.     37.    114.    332.    564.    959.   1344. 
22.     8.    14.    36.   131.   318.   662.   989.  1369.
22.2     6.     12.     39.     93.    298.    601.   1018.   1364. 
22.4     8.     16.     64.     96.    338.    638.   1015.   1336. 
22.6     7.     22.     41.    114.    301.    643.   1007.   1319. 
22.8     8.     26.     42.    104.    325.    626.   1036.   1422. 
23.    11.    18.    40.   135.   302.   695.  1042.  1371.
23.2     7.     22.     43.    105.    319.    660.   1073.   1399. 
23.4     9.     17.     43.    122.    277.    712.   1045.   1433. 
23.6     8.     19.     43.    123.    323.    681.    996.   1352. 
23.8     6.     24.     48.    126.    313.    683.   1028.   1501. 
24.     7.    28.    39.   132.   320.   678.  1026.  1488.
24.2     5.     23.     50.    117.    372.    686.   1055.   1497. 
24.4     5.     26.     48.    128.    330.    677.   1051.   1525. 
24.6    10.     16.     46.    143.    378.    695.   1138.   1477. 
24.8     7.     21.     42.    144.    356.    686.   1028.   1482. 
25.     8.    17.    37.   125.   327.   713.  1138.  1504.
25.2     9.     21.     50.    139.    326.    738.   1051.   1481. 
25.4     5.     15.     42.    155.    399.    744.   1090.   1519. 
25.6     6.     21.     55.    131.    359.    705.   1187.   1541. 
25.8    10.     23.     50.    138.    361.    735.   1150.   1586. 
26.     5.    17.    41.   145.   372.   735.  1085.  1625.
26.2    10.     13.     54.    134.    373.    767.   1199.   1632. 
26.4    11.     10.     46.    143.    366.    728.   1155.   1620. 
26.6    10.     25.     49.    142.    367.    789.   1171.   1666. 
26.8    11.     19.     61.    160.    400.    774.   1180.   1625. 
27.     9.    20.    57.   140.   408.   769.  1144.  1662.
27.2    14.     21.     46.    146.    380.    721.   1231.   1665. 
27.4     9.     22.     52.    141.    379.    770.   1225.   1667. 
27.6    10.     22.     58.    163.    408.    737.   1179.   1673. 
27.8     8.     21.     56.    135.    395.    790.   1235.   1771. 
28.    10.    22.    66.   130.   396.   782.  1131.  1733.
28.2     8.     25.     58.    171.    371.    793.   1224.   1652. 
28.4     5.     21.     55.    138.    398.    807.   1258.   1730. 
28.6    12.     24.     65.    160.    413.    789.   1270.   1755. 
28.8    18.     21.     50.    153.    399.    821.   1318.   1720. 
29.    14.    30.    52.   165.   441.   856.  1298.  1801.
29.2     6.     26.     57.    158.    447.    846.   1298.   1833. 
29.4     9.     16.     57.    148.    402.    807.   1323.   1862. 
29.6    11.     23.     59.    168.    423.    829.   1284.   1822. 
29.8     8.     18.     50.    162.    469.    842.   1325.   1819. 
30.    7.   12.   32.   83.  228.  386.  665.  917.
