#Wavelength Good  SNR  Sigma  LineFlux  Cont  SBR  EW_Obs  Score
5259  1.000000  7.089133  3.568884  0.000000  0.000000  7.089133  38.650874 4
3879  1.000000  3.500245  2.308415  0.000000  0.000000  3.500245  14.637472 2
4369  1.000000  8.228888  2.084150  0.000000  0.000000  8.228888  15.860329 6
3677  1.000000  4.307626  3.370038  0.000000  0.000000  4.307626  18.410444 3
4240  1.000000  6.347423  2.523081  0.000000  0.000000  6.347423  30.250920 3
5044  1.000000  7.032697  3.009857  0.000000  0.000000  7.032697  31.874047 5
5158  1.000000  8.034956  3.646427  0.000000  0.000000  8.034956  48.480091 7
4804  1.000000  3.354737  3.637820  0.000000  0.000000  3.354737  23.658959 2
3941  1.000000  5.764367  3.547110  0.000000  0.000000  5.764367  26.362014 4
4066  1.000000  6.784566  3.560734  0.000000  0.000000  6.784566  24.560927 5
5258  1.000000  5.996030  2.750122  0.000000  0.000000  5.996030  20.824009 3
3607  1.000000  4.546707  4.367820  0.000000  0.000000  4.546707  22.198145 3
4856  1.000000  5.377275  2.374049  0.000000  0.000000  5.377275  25.966211 4
3682  1.000000  5.671113  3.303374  0.000000  0.000000  5.671113  23.395488 4
3619  1.000000  5.618389  1.984080  0.000000  0.000000  5.618389  14.924038 3
3763  1.000000  5.780550  4.341233  0.000000  0.000000  5.780550  23.653643 5
5396  1.000000  5.411991  3.542901  0.000000  0.000000  5.411991  40.716766 5
3615  1.000000  5.201290  3.967676  0.000000  0.000000  5.201290  21.143780 2
4263  1.000000  4.116689  3.253081  0.000000  0.000000  4.116689  18.275115 2
4488  1.000000  10.481496  2.817889  0.000000  0.000000  10.481496  30.005044 11
3527  1.000000  7.531666  1.680759  0.000000  0.000000  7.531666  23.947076 2
3586  1.000000  5.137472  3.530640  0.000000  0.000000  5.137472  17.850949 4
3664  1.000000  5.598907  3.623645  0.000000  0.000000  5.598907  25.598392 3
5214  1.000000  3.695932  2.438109  0.000000  0.000000  3.695932  18.754959 2
5109  1.000000  5.899281  2.531733  0.000000  0.000000  5.899281  23.576932 4
4949  1.000000  8.506634  2.586099  0.000000  0.000000  8.506634  30.109640 7
4436  1.000000  11.217029  1.850144  0.000000  0.000000  11.217029  26.585939 8
5040  1.000000  3.812381  3.058490  0.000000  0.000000  3.812381  15.266623 2
4587  1.000000  6.331069  2.778836  0.000000  0.000000  6.331069  20.495798 3
3541  1.000000  5.670248  2.658766  0.000000  0.000000  5.670248  21.337346 4
3743  1.000000  5.203122  3.151929  0.000000  0.000000  5.203122  29.900486 5
3879  1.000000  10.153945  2.231667  0.000000  0.000000  10.153945  14.511868 6
3591  1.000000  6.033932  2.336100  0.000000  0.000000  6.033932  18.496868 3
4689  1.000000  7.719180  1.592356  0.000000  0.000000  7.719180  21.572091 3
4684  1.000000  5.804842  3.570232  0.000000  0.000000  5.804842  20.243547 4
4724  1.000000  5.247053  3.060826  0.000000  0.000000  5.247053  13.849423 2
3908  1.000000  5.832424  2.518150  0.000000  0.000000  5.832424  21.684884 3
4784  1.000000  4.191629  1.953253  0.000000  0.000000  4.191629  12.482323 2
4951  1.000000  6.313643  1.926131  0.000000  0.000000  6.313643  20.297016 4
4029  1.000000  8.796630  3.134987  0.000000  0.000000  8.796630  20.995221 4
5287  1.000000  5.699191  3.161155  0.000000  0.000000  5.699191  18.948222 4
3746  1.000000  5.619851  2.471035  0.000000  0.000000  5.619851  22.920216 3
3617  1.000000  5.194778  2.512433  0.000000  0.000000  5.194778  16.709408 2
5223  1.000000  7.098740  2.175284  0.000000  0.000000  7.098740  16.597397 4
4720  1.000000  4.904899  3.215381  0.000000  0.000000  4.904899  25.207394 4
4818  1.000000  4.478608  2.606183  0.000000  0.000000  4.478608  19.780097 3
4081  1.000000  3.952785  2.977481  0.000000  0.000000  3.952785  17.352985 2
3890  1.000000  5.165635  1.935646  0.000000  0.000000  5.165635  24.209401 2
3971  1.000000  6.937773  3.488757  0.000000  0.000000  6.937773  26.947771 5
4101  1.000000  4.879209  2.507131  0.000000  0.000000  4.879209  21.895362 2
3787  1.000000  4.417035  3.228078  0.000000  0.000000  4.417035  24.836208 2
4204  1.000000  4.424172  1.941009  0.000000  0.000000  4.424172  16.039088 2
3994  1.000000  5.902495  2.142707  0.000000  0.000000  5.902495  25.994577 4
4756  1.000000  5.537870  2.328044  0.000000  0.000000  5.537870  24.308770 3
4946  1.000000  5.167132  4.473117  0.000000  0.000000  5.167132  31.169990 4
4585  1.000000  4.492266  4.036606  0.000000  0.000000  4.492266  16.493559 2
5246  1.000000  5.306222  5.737296  0.000000  0.000000  5.306222  34.596414 3
3727  1.000000  4.539451  3.045076  0.000000  0.000000  4.539451  22.003423 2
4116  1.000000  6.383880  2.707045  0.000000  0.000000  6.383880  34.869438 4
3572  1.000000  5.770593  2.247045  0.000000  0.000000  5.770593  24.593019 3
3556  1.000000  8.490399  2.368010  0.000000  0.000000  8.490399  19.373365 4
4268  1.000000  9.162038  1.789724  0.000000  0.000000  9.162038  22.310933 6
5271  1.000000  4.353141  3.263386  0.000000  0.000000  4.353141  16.436973 2
4613  1.000000  32.803832  1.780381  0.000000  0.000000  32.803832  20.864870 16
4366  1.000000  4.817159  4.825618  0.000000  0.000000  4.817159  27.408174 3
5221  1.000000  4.676707  4.017775  0.000000  0.000000  4.676707  21.505059 4
4584  1.000000  6.019680  1.825128  0.000000  0.000000  6.019680  15.267660 2
3622  1.000000  4.972212  2.313984  0.000000  0.000000  4.972212  20.233029 2
3565  1.000000  6.417953  3.594285  0.000000  0.000000  6.417953  30.341164 3
4993  1.000000  3.824831  2.594184  0.000000  0.000000  3.824831  18.528595 2
4038  1.000000  5.183388  1.858299  0.000000  0.000000  5.183388  15.911298 3
5394  1.000000  5.266165  2.700928  0.000000  0.000000  5.266165  25.973037 3
4072  1.000000  4.191004  3.536418  0.000000  0.000000  4.191004  17.923144 2
4370  1.000000  7.600851  2.870147  0.000000  0.000000  7.600851  28.589644 6
3579  1.000000  4.458947  3.997412  0.000000  0.000000  4.458947  14.716799 2
3854  1.000000  6.904608  2.963911  0.000000  0.000000  6.904608  31.255993 5
4127  1.000000  4.590386  2.847478  0.000000  0.000000  4.590386  20.691900 3
4654  1.000000  3.725089  4.238349  0.000000  0.000000  3.725089  20.091789 2
5395  1.000000  7.167341  3.109197  0.000000  0.000000  7.167341  16.208443 4
5304  1.000000  4.510671  3.887232  0.000000  0.000000  4.510671  21.119783 2
4768  1.000000  6.639185  2.287511  0.000000  0.000000  6.639185  18.514150 4
3738  1.000000  5.148657  2.739457  0.000000  0.000000  5.148657  16.828410 3
4056  1.000000  4.394425  3.131018  0.000000  0.000000  4.394425  15.066908 2
3941  1.000000  5.388768  1.828293  0.000000  0.000000  5.388768  9.123748 2
5011  1.000000  4.735392  3.933152  0.000000  0.000000  4.735392  23.216556 2
4383  1.000000  5.337826  3.637909  0.000000  0.000000  5.337826  23.298656 2
5378  1.000000  7.335415  5.957716  0.000000  0.000000  7.335415  32.299156 6
4462  1.000000  7.771947  1.774940  0.000000  0.000000  7.771947  22.244360 3
3569  1.000000  4.711898  2.373580  0.000000  0.000000  4.711898  14.204253 2
5374  1.000000  4.328938  3.532399  0.000000  0.000000  4.328938  19.752709 2
3812  1.000000  6.354604  2.879128  0.000000  0.000000  6.354604  24.969518 3
4134  1.000000  7.842511  2.990824  0.000000  0.000000  7.842511  40.772277 5
4576  1.000000  5.065410  3.167307  0.000000  0.000000  5.065410  17.880641 3
3592  1.000000  4.407799  2.185683  0.000000  0.000000  4.407799  20.351614 2
5060  1.000000  4.093830  4.874734  0.000000  0.000000  4.093830  22.722270 3
3827  1.000000  5.614251  4.663161  0.000000  0.000000  5.614251  26.495685 6
4372  1.000000  5.335631  3.543376  0.000000  0.000000  5.335631  26.076580 3
3722  1.000000  5.375881  3.596478  0.000000  0.000000  5.375881  29.992616 3
5007  1.000000  3.217406  2.329740  0.000000  0.000000  3.217406  14.531077 2
3791  1.000000  4.448053  3.909536  0.000000  0.000000  4.448053  27.202723 2
