20200101021
20200101022
20200101023
20200101024
20200101025
20200101026
20200101027
20200101028
20200104025
20200104026
20200104027
20200104028
20200104029
20200104031
20200104032
20200104033
20200104034
20200105023
20200105024
20200105025
20200105026
20200105027
20200105028
20200105029
20200105030
20200106021
20200106022
20200107025
20200107026
20200107027
20200107028
20200108031
20200113010
20200114011
20200114012
20200115013
20200118009
20200118010
20200118011
20200119011
20200119012
20200119013
20200119020
20200119021
20200119022
20200119023
20200119024
20200121008
20200121016
20200121017
20200123011
20200123022
20200123023
20200123024
20200123025
20200123026
20200123027
20200123028
20200123029
20200124017
20200124018
20200124019
20200124020
20200124021
20200124022
20200124023
20200124024
20200124025
20200124026
20200124027
20200124028
20200124029
20200124030
20200124031
20200125013
20200126013
20200126022
20200126023
20200126024
20200126025
20200126026
20200126027
20200126028
20200126029
20200126030
20200126031
20200126032
20200126033
20200126034
20200126035
20200126036
20200126037
20200127020
20200127021
20200127022
20200127023
20200127024
20200127025
20200127026
20200127027
20200127028
20200127029
20200127030
20200127031
20200127032
20200127033
20200127034
20200129020
20200129021
20200129022
20200129024
20200129025
20200129026
20200129027
20200129028
20200129029
20200129030
20200129031
20200129032
20200129033
20200129034
20200129035
20200130014
20200130015
20200130016
20200130017
20200131017
20200131018
20200131019
20200131020
20200131021
20200131022
20200131023
20200131024
20200201021
20200201022
20200201025
20200201026
20200201027
20200201028
20200201029
20200201030
20200202023
20200202024
20200202025
20200202026
20200202027
20200202029
20200202030
20200203023
20200203025
20200215018
20200215019
20200215020
20200215021
20200215028
20200216012
20200216013
20200216014
20200217016
20200217017
20200217018
20200217019
20200217020
20200223018
20200223020
20200225018
20200225019
20200225021
20200225022
20200225025
20200227015
20200227016
20200227017
20200227018
20200227019
20200227020
20200227021
20200227022
20200227023
20200227024
20200227025
20200227028
20200227029
20200227030
20200227031
20200227032
20200228022
20200228023
20200228024
20200228026
20200228027
20200228028
20200229015
20200229019
20200229021
20200305011
20200306026
20200315013
20200315014
20200315015
20200317018
20200317019
20200317020
20200318010
20200318011
20200320020
20200320021
20200320022
20200320026
20200320027
20200320028
20200320029
20200320031
20200321013
20200322015
20200322018
20200322019
20200322021
20200322024
20200322025
20200322026
20200322027
20200323014
20200323015
20200323016
20200323017
20200323018
20200323019
20200323026
20200323027
20200323028
20200324013
20200324014
20200325019
20200325020
20200325021
20200325022
20200325023
20200325024
20200325026
20200325027
20200325028
20200325029
20200325031
20200325032
20200325033
20200325034
20200326008
20200326009
20200326010
20200326011
20200326012
20200326013
20200326015
20200326016
20200326017
20200326018
20200326019
20200326020
20200326021
20200326022
20200326023
20200326024
20200326025
20200326026
20200327012
20200329020
20200329022
20200329023
20200330017
20200330018
20200331021
20200331022
20200331023
20200401014
20200401015
20200401016
20200403022
20200403023
20200411011
20200411012
20200411013
20200411014
20200412014
20200412015
20200412016
20200412018
20200413013
20200413014
20200413015
20200413016
20200413017
20200413018
20200413019
20200413020
20200414014
20200414015
20200414016
20200414017
20200414018
20200414019
20200414020
20200414021
20200414022
20200414023
20200415016
20200415017
20200416012
20200416013
20200416014
20200416016
20200416017
20200416018
20200416019
20200416022
20200416023
20200418013
20200418014
20200418015
20200418016
20200418017
20200418018
20200418019
20200418020
20200418021
20200418022
20200418023
20200418024
20200419013
20200419014
20200419015
20200419016
20200419017
20200419018
20200419019
20200419020
20200419021
20200419022
20200419023
20200420013
20200420014
20200420015
20200420016
20200420017
20200420018
20200420019
20200420020
20200420021
20200420022
20200420023
20200420024
20200420026
20200420028
20200421014
20200421015
20200421016
20200421018
20200421019
20200421020
20200421021
20200422012
20200422013
20200422014
20200422015
20200422016
20200422017
20200423012
20200423013
20200423014
20200423015
20200423016
20200423017
20200423018
20200423019
20200423020
20200423021
20200423022
20200423023
20200423024
20200423025
20200423026
20200423029
20200423030
20200423031
20200424011
20200424012
20200424013
20200424014
20200424015
20200424016
20200424017
20200424018
20200424019
20200424020
20200424021
20200424022
20200424023
20200424024
20200425010
20200425011
20200425012
20200425013
20200425014
20200425015
20200425016
20200425017
20200425018
20200425019
20200425020
20200425021
20200425022
20200425023
20200425024
20200425025
20200426015
20200426016
20200426017
20200426018
20200426019
20200426020
20200426021
20200426022
20200426023
20200426024
20200426025
20200426026
20200426027
20200426028
20200426029
20200427015
20200427017
20200427019
20200427020
20200427021
20200427024
20200427025
20200428017
20200428018
20200428019
20200428020
20200428021
20200428022
20200428023
20200428024
20200429014
20200429015
20200429016
20200429017
20200429018
20200429019
20200429020
20200429021
20200429022
20200430021
20200430022
20200430023
20200430024
20200430025
20200430026
20200502022
20200502023
20200502024
20200503012
20200510026
20200510027
20200513014
20200513015
20200513016
20200513017
20200513018
20200513019
20200514013
20200514014
20200514015
20200514016
20200514017
20200514018
20200514019
20200514020
20200514021
20200514022
20200516009
20200516010
20200516011
20200516012
20200516013
20200516014
20200516015
20200516016
20200516017
20200516018
20200516019
20200516020
20200516021
20200517004
20200517005
20200517006
20200517007
20200517008
20200517009
20200517010
20200517011
20200517012
20200517013
20200517015
20200517016
20200518009
20200518010
20200518011
20200518012
20200518013
20200518014
20200518015
20200518016
20200518017
20200518018
20200518019
20200518020
20200518022
20200519004
20200519005
20200519006
20200519007
20200519008
20200519009
20200519010
20200519011
20200519013
20200519014
20200519015
20200519016
20200519017
20200521011
20200521012
20200521013
20200521014
20200521015
20200521016
20200521017
20200521018
20200521019
20200521020
20200521022
20200521023
20200521024
20200521025
20200521026
20200522014
20200522015
20200522016
20200522018
20200522019
20200522020
20200522021
20200522022
20200522023
20200522024
20200522025
20200522026
20200522027
20200523014
20200523015
20200523016
20200523017
20200523018
20200523019
20200523020
20200523021
20200523022
20200523023
20200523024
20200523025
20200523026
20200523027
20200523028
20200523029
20200524014
20200524015
20200524016
20200524017
20200524018
20200524019
20200524020
20200524021
20200524022
20200524023
20200524024
20200524025
20200524026
20200524027
20200524028
20200525014
20200525015
20200525016
20200525017
20200525018
20200525019
20200525021
20200525023
20200525024
20200525025
20200525026
20200525027
20200527017
20200527018
20200527019
20200527020
20200527021
20200527022
20200527023
20200527024
20200527025
20200528015
20200528016
20200528017
20200528018
20200528019
20200528020
20200528021
20200529019
20200529020
20200529021
20200529022
20200530019
20200530020
20200530021
20200530022
20200531020
20200531021
20200531022
20200608014
20200609013
20200610013
20200610014
20200610015
20200610016
20200611012
20200611013
20200611014
20200611016
20200611017
20200613021
20200613022
20200613023
20200613024
20200613026
20200614013
20200614014
20200614015
20200614016
20200614017
20200614018
20200614019
20200614020
20200615012
20200615013
20200615014
20200615015
20200615016
20200615018
20200615019
20200616010
20200616011
20200616012
20200616013
20200616014
20200616015
20200616016
20200616017
20200616018
20200617014
20200617015
20200617016
20200617017
20200617018
20200617019
20200617020
20200619014
20200619015
20200619016
20200619018
20200619019
20200619020
20200619021
20200620016
20200621012
20200621013
20200622012
20200622013
20200622014
20200622015
20200622016
20200622017
20200622018
20200622019
20200622020
20200623013
20200623014
20200625018
20200625019
20200625020
20200625021
20200626016
20200626017
20200626018
20200626019
20200626020
20200711014
20200711015
20200712015
20200712016
20200712017
20200712018
20200713014
20200713015
20200713016
20200713017
20200714013
20200714014
20200714015
20200716012
20200716013
20200716014
20200723001
20200724014
20200808012
20200808013
20200809013
20200809014
20200809015
20200811014
20200811015
20200811016
20200811017
20200812014
20200812015
20200812016
20200813010
20200813011
20200813012
20200814012
20200814013
20200814014
20200815012
20200815013
20200815014
20200816011
20200816012
20200817011
20200817019
20200817020
20200818014
20200818022
20200818023
20200818024
20200818025
20200818026
20200818027
20200819020
20200819021
20200819022
20200819023
20200819024
20200819025
20200819026
20200820011
20200820021
20200820022
20200820023
20200821019
20200821020
20200821021
20200823019
20200823020
20200823021
20200823022
20200824025
20200824026
20200824027
20200825020
20200825021
20200825022
20200825023
20200825024
20200825025
20200825026
20200826016
20200826017
20200826018
20200826019
20200826020
20200826021
20200826022
20200826023
20200826024
20200827015
20200827016
20200827017
20200827018
20200827019
20200827020
20200827021
20200827022
20200827023
20200828018
20200828019
20200828020
20200828021
20200828022
20200828023
20200829018
20200829019
20200829020
20200916015
20200916016
20200916017
20200916018
20200916019
20200916020
20200916021
20200916022
20200917011
20200917019
20200917020
20200918012
20200918018
20200918025
20200918026
20200918027
20200918028
20200919018
20200919022
20200919023
20200919024
20200919025
20200919029
20200920017
20200920018
20200920019
20200920020
20200920021
20200920022
20200920023
20200920024
20200920025
20200922008
20200922009
20200922010
20200922011
20200922012
20200922013
20200922014
20200922015
20200922016
20200922017
20200922018
20200922019
20200923010
20200923011
20200923012
20200923013
20200923014
20200923015
20200924015
20200924016
20200925016
20200925017
20200925018
20200925019
20200925020
20200925021
20200925022
20200925023
20200926018
20200926019
20200926020
20200926021
20200926022
20200927023
20200927024
20200927025
20201009016
20201010015
20201010016
20201010017
20201011015
20201011016
20201011017
20201011018
20201012016
20201012019
20201013010
20201013012
20201013013
20201014018
20201014019
20201014020
20201014021
20201014023
20201014024
20201014025
20201014026
20201014027
20201014028
20201014029
20201015010
20201015011
20201015012
20201016015
20201016019
20201017015
20201017016
20201017018
20201017019
20201018015
20201018016
20201018017
20201018018
20201018019
20201018020
20201018021
20201018022
20201018023
20201018024
20201018025
20201018026
20201020012
20201020013
20201020016
20201020017
20201020018
20201020019
20201021010
20201021011
20201021012
20201021013
20201021014
20201021015
20201021016
20201021017
20201021018
20201021019
20201021020
20201022017
20201022018
20201022019
20201022020
20201022021
20201022022
20201022023
20201022024
20201023017
20201023018
20201024010
20201106014
20201106015
20201107013
20201107014
20201107015
20201108011
20201108012
20201108013
20201108014
20201108015
20201108016
20201109013
20201109014
20201109015
20201109017
20201109018
20201110013
20201111013
20201111014
20201111015
20201111016
20201111017
20201111018
20201111019
20201111020
20201111021
20201111022
20201111023
20201111024
20201112013
20201112014
20201112015
20201112016
20201112017
20201112018
20201112019
20201112020
20201112021
20201112022
20201112023
20201112024
20201112025
20201113013
20201113014
20201113015
20201113016
20201113018
20201113019
20201113020
20201114012
20201114013
20201114014
20201114015
20201114016
20201114020
20201114021
20201114028
20201114030
20201115011
20201115017
20201116011
20201116012
20201116013
20201116014
20201116015
20201116016
20201116017
20201116018
20201116019
20201116020
20201116021
20201116022
20201116031
20201116032
20201117011
20201117012
20201117013
20201117014
20201117015
20201117016
20201117017
20201117018
20201117019
20201117020
20201117021
20201117022
20201117023
20201117029
20201118009
20201118010
20201118011
20201118012
20201118013
20201118014
20201118015
20201118016
20201118017
20201118018
20201119014
20201119016
20201119017
20201120012
20201120013
20201120014
20201120023
20201120024
20201120025
20201121024
20201121025
20201122025
20201122026
20201124028
20201205011
20201205013
20201207010
20201207011
20201207012
20201207014
20201207015
20201207016
20201207017
20201208010
20201212009
20201212011
20201212027
20201212028
20201212029
20201213013
20201213014
20201213015
20201214007
20201214008
20201214020
20201214021
20201214022
20201214023
20201214024
20201214025
20201214026
20201215012
20201216010
20201216011
20201216012
20201216013
20201216014
20201216015
20201216016
20201216017
20201216025
20201216026
20201216027
20201217012
20201217014
20201217021
20201217022
20201217023
20201217024
20201217025
20201217026
20201217028
20201218013
20201219026
20201220025
20201220026
20201220027
20201220028
20201220031
20201221023
20201221024
20201221025
20201221026
20201221027
20201221028
20201221029
20201222024
20201222025
20201222026
20201222027
20201222028
20201222029
20201222030
20201222031
20201225023
20201225024
20201225025
20201225026
20201226012
20201226013
20201226014
