# Based on deg 6 polynomial on FF Asym pct 0.0500 
# Model from biweight stack of "empty" fibers from shots from 2018-2022.
# WAVE MODEL_FLUXD          STACK_FLUXD         STACK_FLUXDe    (e-17)
3470.0 0.016932039719200986 -0.003822837306297853 0.0006888145703717763
3472.0 0.016802845453810278 -0.003822837306297853 0.0006888145703717763
3474.0 0.016674687324417903 -0.003822837306297853 0.0006888145703717763
3476.0 0.016547558690398034 -0.003822837306297853 0.0006888145703717763
3478.0 0.01642145294260189 -0.003822837306297853 0.0006888145703717763
3480.0 0.016296363503066402 -0.003784257969055681 0.0006889000711327733
3482.0 0.01617228382515634 -0.003827565653046662 0.0006885862460299519
3484.0 0.016049207393095344 -0.005576171006028552 0.0007377269701204894
3486.0 0.015927127722314083 -0.0067328448620516245 0.0007388910033709694
3488.0 0.015806038359052366 0.0008256926255371033 0.0005415735007354098
3490.0 0.015685932880266762 0.012462535735087767 0.00033688470613616367
3492.0 0.015566804893872188 0.01760859468703343 0.00030933689297393097
3494.0 0.015448648038059787 0.02050535898035584 0.0002987106403251617
3496.0 0.015331455981730358 0.020391125139415055 0.00027635307857264184
3498.0 0.015215222424167507 0.016149692410946697 0.00024495772394889624
3500.0 0.015099941095044755 0.01264948324538278 0.0002352652217295639
3502.0 0.014985605754112896 0.010586274251315081 0.00023703048925096922
3504.0 0.014872210191263946 0.012847026854553467 0.00022822618082860284
3506.0 0.014759748226509828 0.012592562887008038 0.00020698072402420978
3508.0 0.014648213709854474 0.011279938687455394 0.0001883615078453864
3510.0 0.014537600520995397 0.015680132737390023 0.00017216205271262984
3512.0 0.014427902569359219 0.01202209832200967 0.00019368628184274824
3514.0 0.01431911379423667 0.012569368749158915 0.0001957836670613484
3516.0 0.014211228164320744 0.011818654375923608 0.00019319087912052454
3518.0 0.014104239677820374 0.012287147116537408 0.00019481273359199975
3520.0 0.013998142362282806 0.013585949301391708 0.00020015805266599066
3522.0 0.013892930274487014 0.014341824511239595 0.00020331048719056545
3524.0 0.013788597500507649 0.015833818856467743 0.00020617533889015006
3526.0 0.013685138155423715 0.016453554798117113 0.00020404879757911508
3528.0 0.013582546383425154 0.014918719784258813 0.00019747939449807507
3530.0 0.013480816357450465 0.01342854275365418 0.00019349183595370048
3532.0 0.01337994227939987 0.012891597524185689 0.0001910193271504873
3534.0 0.013279918379701883 0.01266874697791659 0.0001893402102023167
3536.0 0.013180738917561996 0.00864441067267645 0.00017802256779663958
3538.0 0.013082398180763732 0.011865321029418356 0.00013962320857202054
3540.0 0.012984890485306266 0.016202732399523814 0.00012831077402299497
3542.0 0.012888210175837855 0.013960158000052002 0.00012348278373898507
3544.0 0.012792351624916876 0.006619661582238246 0.00013437623257310814
3546.0 0.01269730923355894 0.00845143739127096 0.00012195692865417713
3548.0 0.012603077430675569 0.012782585607963666 0.00010824136132198498
3550.0 0.0125096506732163 0.012315461027776678 0.00010874708947844236
3552.0 0.012417023446012365 0.011685873743017912 0.00011056250487804389
3554.0 0.01232519026172696 0.011001905294118389 0.00010800827712062273
3556.0 0.01223414566062786 0.011749396091847969 0.00010525286889820546
3558.0 0.012143884210736644 0.012243889758066383 9.379263504306012e-05
3560.0 0.012054400507466312 0.013060332738227058 8.489403618875172e-05
3562.0 0.011965689173663918 0.013387886107601946 8.08234367486565e-05
3564.0 0.011877744859575046 0.013797583409719011 7.679655177290172e-05
3566.0 0.011790562242744329 0.0141722227055176 7.835440761205155e-05
3568.0 0.01170413602775966 0.015163883567594608 7.693758266497111e-05
3570.0 0.011618460946372977 0.014974615473193627 7.795100101902898e-05
3572.0 0.011533531757194737 0.015423754619187924 7.811569493071897e-05
3574.0 0.011449343245814703 0.014308694039224905 7.654588339216632e-05
3576.0 0.011365890224595887 0.014408545335469291 7.818825677973093e-05
3578.0 0.011283167532667449 0.014703194746255737 8.488167214047776e-05
3580.0 0.011201170035590735 0.015507477290065385 9.182537595783909e-05
3582.0 0.011119892625735872 0.01598830529692399 9.579435666235095e-05
3584.0 0.01103933022166359 0.01665301115641324 9.98617169772648e-05
3586.0 0.010959477768395232 0.016856072736239916 0.00010003978083447646
3588.0 0.010880330237185376 0.0162118683968243 9.697418914399197e-05
3590.0 0.01080188262550763 0.014799020889635231 8.825295071744903e-05
3592.0 0.010724129956884099 0.013788125756640459 8.035733458026242e-05
3594.0 0.010647067280721956 0.013021633358848303 7.734791891294373e-05
3596.0 0.01057068967259056 0.012988844329023462 7.664716091574919e-05
3598.0 0.010494992233631706 0.012693677954094922 7.646065715060154e-05
3600.0 0.010419970090943309 0.012606267115446951 7.774575204122402e-05
3602.0 0.010345618396954137 0.013172391154533388 8.153433470516637e-05
3604.0 0.010271932329899869 0.014210690136054855 8.629002300113469e-05
3606.0 0.010198907093425191 0.014817563011240209 9.017596638144288e-05
3608.0 0.010126537916562484 0.015199522897727464 9.15989742991326e-05
3610.0 0.010054820053568392 0.01505762562495895 9.081118020941378e-05
3612.0 0.009983748783902513 0.01386000708672334 8.337723114047775e-05
3614.0 0.009913319412255817 0.01080527438808107 6.99096387570344e-05
3616.0 0.009843527268238006 0.014368251551425118 6.967163199948763e-05
3618.0 0.009774367706413045 0.013874955762611366 6.894813411996709e-05
3620.0 0.00970583610623521 0.013933896022836532 6.470947745936131e-05
3622.0 0.00963792787197093 0.013710205472985305 6.182356081735411e-05
3624.0 0.009570638432457201 0.013257652767380912 5.964068167965845e-05
3626.0 0.009503963241272118 0.013094590737514815 5.93570546771061e-05
3628.0 0.00943789777628723 0.01245483160835197 5.936995285837305e-05
3630.0 0.009372437539951761 0.01213006342700569 6.110499142318445e-05
3632.0 0.0093075780591505 0.011525961996267521 6.724938389627271e-05
3634.0 0.009243314884777476 0.011280448138283633 6.782312278082959e-05
3636.0 0.009179643592048592 0.01104760685067728 6.589505618234487e-05
3638.0 0.00911655978030268 0.010933983027069428 6.326126852628646e-05
3640.0 0.009054059072710174 0.010933106010184919 6.133657360856456e-05
3642.0 0.008992137116521803 0.011074854919906089 5.726433013372828e-05
3644.0 0.008930789582684895 0.011286121757351804 5.610068245642209e-05
3646.0 0.00887001216597838 0.011416476507330573 5.518412099298713e-05
3648.0 0.008809800584792526 0.011339450418964198 5.464241002115071e-05
3650.0 0.008750150581107619 0.01112507468559216 5.0665324047360204e-05
3652.0 0.008691057920408696 0.010934000164494532 5.190036167850981e-05
3654.0 0.008632518391522126 0.010811725690919519 4.924488333183212e-05
3656.0 0.008574527806679555 0.010579479713972642 4.6667632688313136e-05
3658.0 0.008517082001283427 0.010316927763568887 4.6569616528166445e-05
3660.0 0.008460176833956723 0.009733883486496843 4.8122605512115896e-05
3662.0 0.008403808186308481 0.009573963383190595 5.0599644156013965e-05
3664.0 0.008347971962997747 0.009824517919276474 4.9666355298419004e-05
3666.0 0.008292664091555935 0.010424668741509107 4.805638110678583e-05
3668.0 0.008237880522301566 0.010820401212961727 4.721021928522482e-05
3670.0 0.00818361722847527 0.01067789879233079 4.714231001767259e-05
3672.0 0.008129870205692669 0.010661831958352025 4.8935477347839985e-05
3674.0 0.008076635472278326 0.01078761088380363 5.0305665925525105e-05
3676.0 0.008023909069130752 0.01125723410496707 5.296177282949793e-05
3678.0 0.00797168705940976 0.01129609448474759 5.516354960884566e-05
3680.0 0.007919965528671469 0.011198413062547659 5.709320882909086e-05
3682.0 0.007868740584648037 0.011070905250607757 5.613109808349416e-05
3684.0 0.007818008357382666 0.010838951964583857 5.502592522557204e-05
3686.0 0.007767764998753535 0.011124736234052694 5.418991858715093e-05
3688.0 0.007718006682921441 0.011010720920909723 5.2516014859876625e-05
3690.0 0.007668729605754265 0.010464107025830621 4.886259654812172e-05
3692.0 0.007619929985068552 0.010000344346245915 4.788195105692999e-05
3694.0 0.0075716040603381884 0.009485225674574053 4.566699555692023e-05
3696.0 0.00752374809270151 0.008737967870168927 4.415450140673824e-05
3698.0 0.007476358365018143 0.007309033878032917 4.3706985903273115e-05
3700.0 0.007429431181599 0.006175456913993805 4.80186494067686e-05
3702.0 0.007382962868049958 0.006116134523699964 5.039803073418834e-05
3704.0 0.0073369497715845 0.006704873390524911 4.751406740561461e-05
3706.0 0.007291388260469489 0.007582077839512997 4.536170272760375e-05
3708.0 0.007246274724259649 0.008066746913450185 4.3202769920876745e-05
3710.0 0.007201605573534664 0.008324402089031624 4.102125030055997e-05
3712.0 0.00715737723995602 0.00828561776394722 4.036793434528616e-05
3714.0 0.007113586176217268 0.008449824252835993 4.143995411388496e-05
3716.0 0.00707022885571007 0.008914994168110806 4.547091434977463e-05
3718.0 0.007027301772751571 0.009574789066555737 4.627620585169813e-05
3720.0 0.006984801442293076 0.010263990264953506 4.797271919236646e-05
3722.0 0.006942724400040845 0.01042900874311632 4.730095858023314e-05
3724.0 0.006901067202022659 0.009814800446205836 4.451423094696169e-05
3726.0 0.006859826425014148 0.0094126111144235 4.371829915276109e-05
3728.0 0.006818998665927722 0.00903339978430197 4.377623185785453e-05
3730.0 0.006778580542118107 0.00887127297408035 4.689644808961637e-05
3732.0 0.006738568691282865 0.008379968841734151 4.766234864607432e-05
3734.0 0.006698959771064494 0.008400244706654141 4.906417862894248e-05
3736.0 0.006659750459341751 0.008647264032227051 5.162401275549129e-05
3738.0 0.00662093745394543 0.008118223698729743 5.4604163268386855e-05
3740.0 0.006582517472594418 0.008068293184567326 5.979601264958131e-05
3742.0 0.00654448725294543 0.007992830937896626 6.361566423583567e-05
3744.0 0.006506843552287478 0.008604901827184697 5.668616583661366e-05
3746.0 0.006469583147811875 0.009024476568605081 4.888694163490799e-05
3748.0 0.006432702836079329 0.009555061238485795 4.499511541381413e-05
3750.0 0.006396199433460481 0.009134326025566774 4.264479531743384e-05
3752.0 0.006360069775482202 0.00924220414477982 4.2751198664687184e-05
3754.0 0.006324310717360504 0.00876023054360117 4.3971404545308686e-05
3756.0 0.006288919133332627 0.009028147717318347 4.284702261272471e-05
3758.0 0.0062538919171402085 0.009274231491607013 4.48929227614289e-05
3760.0 0.006219225981539012 0.009454500355767002 4.214896120695802e-05
3762.0 0.006184918258234973 0.009576871739417658 4.224744716653823e-05
3764.0 0.006150965698282107 0.009562081973902004 4.192454481912431e-05
3766.0 0.006117365271336439 0.00961761942968867 4.241644939562478e-05
3768.0 0.006084113965997062 0.009468355453660102 4.204175351613103e-05
3770.0 0.006051208789834561 0.00910318722852385 3.953962574079471e-05
3772.0 0.006018646768801261 0.008658285329138631 3.800747151061938e-05
3774.0 0.005986424947700186 0.008423404290143188 4.0342911203782e-05
3776.0 0.005954540389843999 0.008304057267262344 3.9538423255295856e-05
3778.0 0.005922990176941312 0.008254314870395602 3.757716805987882e-05
3780.0 0.005891771409167745 0.008237208434978183 3.7153971799237607e-05
3782.0 0.005860881205109081 0.008131699068894082 3.6168610042025335e-05
3784.0 0.0058303167012994095 0.008234251533260595 3.860268606369557e-05
3786.0 0.00580007505286062 0.008061769877985204 3.6930015995184005e-05
3788.0 0.005770153432791858 0.008465151424441656 3.6606413730221335e-05
3790.0 0.005740549032040576 0.008084802832514832 3.514982944876443e-05
3792.0 0.005711259059587803 0.008141638036869263 4.0075308864966885e-05
3794.0 0.005682280742519197 0.007863896800442655 4.249890587353935e-05
3796.0 0.005653611325406871 0.00816437622052305 3.9064913155819146e-05
3798.0 0.005625248070664668 0.008420337570671984 3.779461808973085e-05
3800.0 0.005597188258484209 0.008418805616069296 3.609691650863592e-05
3802.0 0.005569429186415675 0.008118760263748843 3.5944742040474375e-05
3804.0 0.0055419681696946554 0.007913339052638827 3.713802672531064e-05
3806.0 0.005514802540993458 0.007878338246969308 3.6289929572067607e-05
3808.0 0.005487929650328738 0.007830117257976148 3.605730552264506e-05
3810.0 0.005461346864940708 0.007745520298538276 3.455732682963685e-05
3812.0 0.005435051569392613 0.007469680970740606 3.4631385732198706e-05
3814.0 0.005409041165350459 0.007340241130167973 3.750511720245373e-05
3816.0 0.005383313071583018 0.007160222147078378 4.0319485774870705e-05
3818.0 0.005357864723841033 0.007459445946020787 3.798021679746783e-05
3820.0 0.005332693574864322 0.007460943686149866 3.658204334575874e-05
3822.0 0.005307797094133093 0.007689623473667319 3.75746645022826e-05
3824.0 0.005283172768081101 0.007441803658030888 3.687746839700425e-05
3826.0 0.005258818099740381 0.007654295132898539 3.951253107450816e-05
3828.0 0.005234730608840721 0.0073030533360369364 4.598580462760452e-05
3830.0 0.005210907831731504 0.00640269014720774 5.161132712049552e-05
3832.0 0.005187347321140123 0.006046181697913914 5.55959559711214e-05
3834.0 0.005164046646385145 0.006147452588926834 5.0688565371397234e-05
3836.0 0.005141003393077881 0.006617823182602445 4.432011183105808e-05
3838.0 0.005118215163129491 0.00694583929866303 3.8961349322822765e-05
3840.0 0.005095679574623091 0.007242938388333629 3.675460308112473e-05
3842.0 0.005073394261863484 0.006975282479541895 3.4575691261673906e-05
3844.0 0.0050513568752776905 0.007130524887938061 3.76791296246408e-05
3846.0 0.005029565081208887 0.006817972626340278 3.614292636431959e-05
3848.0 0.0050080165620016714 0.007499701594890197 3.690407973529578e-05
3850.0 0.004986709015874169 0.007395854439556129 3.489683834527052e-05
3852.0 0.004965640156775919 0.007930417534607041 3.4628596224556706e-05
3854.0 0.004944807714608146 0.00800185174633439 3.514924557205051e-05
3856.0 0.004924209434619797 0.008097085163735248 3.531688055375763e-05
3858.0 0.004903843077933345 0.008406021810971387 3.511584414895727e-05
3860.0 0.0048837064210758285 0.00842903521833091 3.4397971729062636e-05
3862.0 0.004863797256057012 0.008359978750292879 3.415156652051745e-05
3864.0 0.004844113390234384 0.0082579801652919 3.522831411880392e-05
3866.0 0.0048246526464126305 0.008293444152269652 3.561872684336362e-05
3868.0 0.004805412862445735 0.008248215279263641 3.567593998492142e-05
3870.0 0.0047863918916277726 0.008459889299209775 3.592875798285221e-05
3872.0 0.004767587602145795 0.008694740368054255 3.5423782836634414e-05
3874.0 0.004748997877463523 0.008594634842230251 3.476476495368601e-05
3876.0 0.004730620615696068 0.008620973185318539 3.648327726635853e-05
3878.0 0.004712453730242316 0.008487892942663982 3.662183706745303e-05
3880.0 0.004694495149202282 0.008678858739719835 3.686091009501506e-05
3882.0 0.004676742815306056 0.008629795096453808 3.711643474100762e-05
3884.0 0.004659194686205126 0.008694957932178456 3.80802724949717e-05
3886.0 0.0046418487341526316 0.008652543004864064 3.9009087030084926e-05
3888.0 0.004624702945882575 0.008705720568476199 3.884937860164243e-05
3890.0 0.004607755322723506 0.008558323877097691 3.676771459877429e-05
3892.0 0.004591003880562994 0.008399990549198835 3.551234579377216e-05
3894.0 0.004574446649399988 0.008242665866671536 3.516965222638758e-05
3896.0 0.004558081673778247 0.008068835375207145 3.3914067293916974e-05
3898.0 0.004541907012360014 0.007962736194647886 3.3993065778006744e-05
3900.0 0.004525920738061018 0.00771405857096115 3.271407453888848e-05
3902.0 0.004510120937929685 0.007491468511341063 3.336061722403594e-05
3904.0 0.004494505712919761 0.007443711738567332 3.4653632643362036e-05
3906.0 0.0044790731782029525 0.007101016536429966 3.7590383438035735e-05
3908.0 0.004463821462678652 0.006865399418768876 4.016393119270923e-05
3910.0 0.0044487487091871 0.006436653435397817 3.879254761456459e-05
3912.0 0.004433853074218064 0.006706676634123141 4.01246048937504e-05
3914.0 0.004419132728315844 0.006801098160522457 3.902244396144517e-05
3916.0 0.0044045858553332096 0.007288999931828696 3.9187424226753955e-05
3918.0 0.004390210652907456 0.007526295268652844 3.669684398234445e-05
3920.0 0.004376005332169086 0.007915239728984646 3.563587769966713e-05
3922.0 0.004361968117656545 0.008254960030942704 3.463396943447664e-05
3924.0 0.004348097247408589 0.008386410180680549 3.4614557708465636e-05
3926.0 0.004334390972729807 0.008499849801144805 3.617100371789272e-05
3928.0 0.004320847558290097 0.008689605615513624 3.6411418471111246e-05
3930.0 0.004307465281797818 0.008911474347069775 3.732887391397287e-05
3932.0 0.004294242434298212 0.009088774941309455 3.920277119947698e-05
3934.0 0.004281177319775509 0.009028840630834582 3.979213613116103e-05
3936.0 0.004268268255358976 0.008739937692251959 3.7638234051032415e-05
3938.0 0.004255513571138181 0.008521742866727132 3.6043025718699794e-05
3940.0 0.004242911609850353 0.008207992908808718 3.548625177036896e-05
3942.0 0.004230460727384866 0.00803669581767837 3.719594421550443e-05
3944.0 0.004218159292236123 0.007667979245717056 3.5045552769725894e-05
3946.0 0.004206005685595926 0.007793132975567975 3.4210253912982693e-05
3948.0 0.004193998301381896 0.007629479600930065 3.334300028862132e-05
3950.0 0.004182135546031418 0.007929281788564712 3.457639444346854e-05
3952.0 0.004170415838515851 0.007702911098471463 3.288065507246082e-05
3954.0 0.004158837610312105 0.007979107145884174 3.4064539476290034e-05
3956.0 0.004147399305225008 0.00782992031576059 3.249434003114171e-05
3958.0 0.0041360993793873035 0.008141922602648045 3.363711671101186e-05
3960.0 0.004124936301259652 0.00815477312898343 3.4446426751774396e-05
3962.0 0.004113908551467205 0.008282070108963254 3.733116310054391e-05
3964.0 0.004103014622806711 0.008626758845634443 3.893055053100539e-05
3966.0 0.004092253020296255 0.008713082606037153 3.995373670630194e-05
3968.0 0.004081622260684981 0.008960175597297617 4.0781234533996995e-05
3970.0 0.004071120872943368 0.008936848706543484 3.99476287712099e-05
3972.0 0.004060747397822695 0.008887391388673036 3.770174454114563e-05
3974.0 0.004050500387947409 0.008654607268860637 3.543390622532936e-05
3976.0 0.004040378407893286 0.008370559277756207 3.498680231023452e-05
3978.0 0.004030380033654524 0.008082494484582297 3.3342893448632976e-05
3980.0 0.004020503853162438 0.007927639011623123 3.229593650268724e-05
3982.0 0.0040107484657099235 0.008079899937958214 3.312311874131662e-05
3984.0 0.004001112482363567 0.007914582910059899 3.237341841446349e-05
3986.0 0.0039915945255941665 0.008042427334499546 3.24974804454228e-05
3988.0 0.003982193229283837 0.007974693397851795 3.214555942271387e-05
3990.0 0.003972907238605217 0.00809899942736776 3.271171257631474e-05
3992.0 0.003963735210227526 0.008011886818595063 3.3759711142753646e-05
3994.0 0.003954675811911557 0.007852589807958736 3.251212162117628e-05
3996.0 0.003945727722715731 0.007995342508845654 3.185085476521817e-05
3998.0 0.003936889632676355 0.008114560569899155 3.207261461779498e-05
4000.0 0.00392816024312026 0.008195284993131564 3.311744774433488e-05
4002.0 0.0039195382661816325 0.00799506799662929 3.275873730805387e-05
4004.0 0.00391102242516439 0.007862948864616146 3.171204093344121e-05
4006.0 0.0039026114540732237 0.008146548239668303 3.2006339001743355e-05
4008.0 0.003894304097897816 0.008099995470719247 3.288035365849986e-05
4010.0 0.00388609911228599 0.008011009299616012 3.5099907891851044e-05
4012.0 0.003877995263728451 0.007813768904437067 3.5405416392470556e-05
4014.0 0.003869991329324307 0.007582226375201871 3.2996557665984104e-05
4016.0 0.003862086096745543 0.007646637818840035 3.2217951995782654e-05
4018.0 0.003854278364336494 0.007855309779955357 3.1860562346675895e-05
4020.0 0.003846566940843843 0.007926122221687542 3.2818032546974166e-05
4022.0 0.0038389506455303035 0.007861285290188308 3.374584678740578e-05
4024.0 0.0038314283078904054 0.007608692772588693 3.400401145368969e-05
4026.0 0.0038239987678778675 0.007676543423004814 3.32944042591251e-05
4028.0 0.003816660875799016 0.007858937441636698 3.273990692006034e-05
4030.0 0.0038094134919290923 0.00798165850271354 3.268392175483662e-05
4032.0 0.0038022554868248903 0.008080237679446385 3.24565320578502e-05
4034.0 0.0037951857412963363 0.008159500133944501 3.18361164974019e-05
4036.0 0.0037882031459943732 0.00807724773764622 3.1394955184652204e-05
4038.0 0.003781306601531753 0.007946159383423725 3.122074844369496e-05
4040.0 0.003774495018660673 0.007985896581673962 3.227784711375496e-05
4042.0 0.0037677673179032922 0.007848520064846364 3.402092432495226e-05
4044.0 0.0037611224295233114 0.008258562321571527 3.819939221082507e-05
4046.0 0.003754559293639659 0.008044158849645277 3.901978498382155e-05
4048.0 0.003748076860205174 0.008028145136891054 4.097156932745196e-05
4050.0 0.003741674088523439 0.007614785568970991 3.911980641913617e-05
4052.0 0.0037353499478172125 0.007834116905059188 3.516110273368779e-05
4054.0 0.003729103416716839 0.00777596597842716 3.4001676627907426e-05
4056.0 0.0037229334833526195 0.00795348762931265 3.3239226988401624e-05
4058.0 0.0037168391452269134 0.007900304818508092 3.230352344041851e-05
4060.0 0.0037108194094273017 0.007953998061141516 3.235847337839058e-05
4062.0 0.00370487329209368 0.00816046333693919 3.3907937646564246e-05
4064.0 0.00369899981894406 0.008028022192853368 3.5925468881946235e-05
4066.0 0.003693198024841138 0.00827101162936865 3.880873440544365e-05
4068.0 0.003687466953600449 0.007906819193978608 3.714397985480684e-05
4070.0 0.003681805658359849 0.007847785628787721 3.5152642201863355e-05
4072.0 0.0036762132014089843 0.00779000393858082 3.2180577800288016e-05
4074.0 0.0036706886536421734 0.008252708373864217 3.427445229440614e-05
4076.0 0.003665231095574484 0.007960179388451215 3.3225167531131133e-05
4078.0 0.003659839615920646 0.008358329716925078 3.650216251956918e-05
4080.0 0.003654513312817187 0.007816275549066101 3.368014947830137e-05
4082.0 0.0036492512927708276 0.007947378586282432 3.357926227090741e-05
4084.0 0.003644052671404552 0.008021810060214555 3.3466063994480275e-05
4086.0 0.0036389165727186423 0.007975323617488896 3.2862851977739685e-05
4088.0 0.003633842129659115 0.007977791000380263 3.3441530886802645e-05
4090.0 0.0036288284835279683 0.007881318934020415 3.2136092928326545e-05
4092.0 0.003623874784182135 0.008006609508461115 3.213488880630441e-05
4094.0 0.003618980190118748 0.008080289495746401 3.20645924454531e-05
4096.0 0.003614143868304609 0.008022078745870534 3.16339415110676e-05
4098.0 0.003609364993785391 0.008161312776944216 3.346551965555557e-05
4100.0 0.0036046427503393375 0.008039286206109601 3.3790354621169316e-05
4102.0 0.0035999763297098752 0.008063773993191737 3.3797069379419075e-05
4104.0 0.0035953649320816794 0.008195520462449693 3.259013125923356e-05
4106.0 0.0035908077655619763 0.008355249439320415 3.218568878345042e-05
4108.0 0.0035863040468200325 0.008319997799381034 3.302572049910923e-05
4110.0 0.0035818530003624005 0.008134276636493559 3.1692959734442e-05
4112.0 0.0035774538584973925 0.00814971006137793 3.070141736351619e-05
4114.0 0.0035731058619106193 0.008163902500460474 3.093229823783216e-05
4116.0 0.0035688082590326076 0.008179684540573082 3.152487560012147e-05
4118.0 0.0035645603061809084 0.008025896235050607 3.0347177050559014e-05
4120.0 0.003560361267709311 0.008136272877944025 2.9931914685537854e-05
4122.0 0.003556210415318617 0.008382666137467451 3.164364447619318e-05
4124.0 0.0035521070288098144 0.008297302561807912 3.2208298881873e-05
4126.0 0.003548050395629332 0.008305402828469333 3.319791472905108e-05
4128.0 0.0035440398107340343 0.008089289822613104 3.1527932020906434e-05
4130.0 0.0035400745766622777 0.008227526301641164 3.194376234694102e-05
4132.0 0.0035361540036262795 0.008209764891598687 3.100007515020744e-05
4134.0 0.0035322774092847453 0.008467025627428524 3.32967997949924e-05
4136.0 0.003528444118636287 0.008457814470005532 3.4125017535547365e-05
4138.0 0.0035246534643320615 0.00843136390155198 3.490579758176977e-05
4140.0 0.0035209047859581233 0.00817409237515678 3.3564650392180704e-05
4142.0 0.0035171974307672826 0.00824428540086931 3.2079267077306216e-05
4144.0 0.00351353075316041 0.008366023092948609 3.1656161452579574e-05
4146.0 0.003509904114537221 0.008452622612234208 3.224797488776796e-05
4148.0 0.0035063168837936587 0.008396743729943144 3.2788447634519456e-05
4150.0 0.003502768436632664 0.008295429439491287 3.167559811165696e-05
4152.0 0.0034992581559407654 0.008489003682428154 3.128199607566121e-05
4154.0 0.003495785431745446 0.008706805308969333 3.361240577140727e-05
4156.0 0.0034923496607461857 0.008510169361814155 3.3771166871943685e-05
4158.0 0.003488950246968159 0.008395729303618591 3.2580262158902175e-05
4160.0 0.0034855866007674763 0.008208488042211248 3.1762644224659694e-05
4162.0 0.003482258139818839 0.008688208901859727 3.473777845566555e-05
4164.0 0.0034789642883765737 0.008530801785117151 3.542960164672009e-05
4166.0 0.003475704477331476 0.008680086813106976 3.7885108389769864e-05
4168.0 0.003472478144473712 0.008388639966402229 3.720821105468299e-05
4170.0 0.0034692847340593858 0.008552834904739478 3.7956821767985996e-05
4172.0 0.0034661236970592313 0.00832987868235358 3.565273862997166e-05
4174.0 0.0034629944909028154 0.008381135503580887 3.3267221694691236e-05
4176.0 0.0034598965796064363 0.008475027995478274 3.248250618586481e-05
4178.0 0.0034568294334960115 0.008480298928682255 3.236472206816744e-05
4180.0 0.0034537925294912952 0.008533152463414656 3.340213455262876e-05
4182.0 0.003450785350764818 0.008440201560579981 3.2548223166736556e-05
4184.0 0.0034478073869550485 0.008481330029853908 3.243120491557125e-05
4186.0 0.0034448581337684914 0.008420008937328603 3.119257924936115e-05
4188.0 0.003441937093356273 0.008539648444995818 3.122056476793898e-05
4190.0 0.0034390437739162394 0.008575376095830532 3.1208575418052904e-05
4192.0 0.003436177689721376 0.008680203031384698 3.235367329710923e-05
4194.0 0.003433338361389815 0.008565049860096256 3.3363703586423287e-05
4196.0 0.0034305253153590343 0.008430949431478136 3.259378157224209e-05
4198.0 0.0034277380843761307 0.008471055318687208 3.193247152620121e-05
4200.0 0.003424976206773067 0.008513928718058943 3.182017139469617e-05
4202.0 0.0034222392271203717 0.008491660446056867 3.160747228469777e-05
4204.0 0.0034195266956942305 0.008579974847396771 3.105013379583122e-05
4206.0 0.0034168381686612292 0.008714305803632643 3.1592040725241015e-05
4208.0 0.003414173207985982 0.008578481243423768 3.310661445298929e-05
4210.0 0.0034115313815874515 0.008454334043190492 3.338101250352901e-05
4212.0 0.003408912262656827 0.008195434060610372 3.056439401232842e-05
4214.0 0.0034063154303822785 0.008458164214450798 3.0983531200360586e-05
4216.0 0.0034037404694373663 0.008415046117176776 3.187249553334955e-05
4218.0 0.0034011869703007847 0.008454712886835941 3.199284807284636e-05
4220.0 0.0033986545286381897 0.008355803824478486 3.1985413291353356e-05
4222.0 0.0033961427458848448 0.008429928961879678 3.216922513676863e-05
4224.0 0.003393651228932981 0.008384251196486024 3.3470995660765494e-05
4226.0 0.0033911795898475816 0.00842404323482003 3.244912390039247e-05
4228.0 0.003388727446306916 0.00857922674885364 3.206157520068666e-05
4230.0 0.003386294421247271 0.008674017235672984 3.131520254115326e-05
4232.0 0.0033838801429624255 0.008666229870559782 3.2045814964272684e-05
4234.0 0.003381484244755484 0.008602499429362913 3.205293211337576e-05
4236.0 0.0033791063654220466 0.008509776536528861 3.1485010147725014e-05
4238.0 0.0033767461487883565 0.008477388464401148 3.156384708614249e-05
4240.0 0.0033744032438178806 0.00841349043536984 3.0909056742938336e-05
4242.0 0.0033720773045615715 0.008432869034856913 3.03593012059666e-05
4244.0 0.0033697679901010247 0.008904600665738447 3.130707743533228e-05
4246.0 0.003367474964683481 0.00876226177624786 3.266012848925099e-05
4248.0 0.003365197897160499 0.008667161290420557 3.354262892657037e-05
4250.0 0.003362936461634547 0.008420833570643762 3.2877263688936514e-05
4252.0 0.003360690337096628 0.008471206894704392 3.1202491815464667e-05
4254.0 0.003358459207184694 0.008669423029349867 3.144080097728947e-05
4256.0 0.0033562427604039158 0.008578704508991224 3.1954013545449545e-05
4258.0 0.003354040690133786 0.008495007263249373 3.175883458146023e-05
4260.0 0.003351852694287061 0.008523654618754315 3.1630246389440826e-05
4262.0 0.0033496784757431897 0.00858438720270019 3.0702699362683845e-05
4264.0 0.003347517741730144 0.008732116221853818 3.089939594680889e-05
4266.0 0.003345370204343112 0.008788264892532616 3.233744229636122e-05
4268.0 0.0033432355801110702 0.008589703538888176 3.21287549984766e-05
4270.0 0.003341113590060729 0.008501490489124564 3.146852013819737e-05
4272.0 0.003339003959823117 0.008471893359525088 3.067691941155267e-05
4274.0 0.0033369064193493614 0.008606124854141634 3.0249766732052263e-05
4276.0 0.0033348207031949073 0.008550052035645303 3.0528220987234205e-05
4278.0 0.0033327465502068776 0.00854931928689366 3.13915231489117e-05
4280.0 0.003330683703453019 0.008411860684896855 3.11248387411525e-05
4282.0 0.0033286319105130246 0.008406456322509954 3.107096716348982e-05
4284.0 0.00332659092315879 0.008472677925494908 3.145556235398547e-05
4286.0 0.003324560497240725 0.008351386923881666 3.1804052728785174e-05
4288.0 0.003322540393050133 0.008303921821404325 3.106443843844332e-05
4290.0 0.0033205303749070936 0.008492093027064381 3.0453672801404143e-05
4292.0 0.003318530211238624 0.008655387383578548 3.077059421226015e-05
4294.0 0.0033165396745218345 0.008625775404963704 3.212782494815658e-05
4296.0 0.003314558541525514 0.008387520072613279 3.201951222627568e-05
4298.0 0.0033125865926280085 0.008380784061904813 3.253241028433013e-05
4300.0 0.003310623612591712 0.008327530066180326 3.1908135355555594e-05
4302.0 0.003308669389610941 0.008515632002359367 3.163598876006131e-05
4304.0 0.003306723716441695 0.008463637606858412 3.116460478345066e-05
4306.0 0.0033047863891582097 0.00868938052158909 3.1720298779508575e-05
4308.0 0.0033028572078990237 0.008572690738930647 3.1730730717342994e-05
4310.0 0.0033009359765401314 0.008662709739503878 3.134841895903484e-05
4312.0 0.0032990225026736653 0.00880246376396786 3.1154619240541026e-05
4314.0 0.003297116597799743 0.008714606899033275 3.190253487026106e-05
4316.0 0.003295218076843298 0.00859583242889398 3.3778525847495085e-05
4318.0 0.003293326758665671 0.008392866364390518 3.2434068820131344e-05
4320.0 0.0032914424654535424 0.008249766381283916 3.361526970390542e-05
4322.0 0.003289565023152363 0.008105472591751803 3.08495821038005e-05
4324.0 0.0032876942614166182 0.008319709961969771 3.143946986181391e-05
4326.0 0.003285830012927704 0.008378249066411343 3.063445066849832e-05
4328.0 0.003283972114367373 0.008472298615320166 3.1247433512772406e-05
4330.0 0.003282120405501132 0.008269398089669923 3.102281705426039e-05
4332.0 0.0032802747297111523 0.008367325334690607 3.0922541491336883e-05
4334.0 0.0032784349337191543 0.008330680233927766 3.11577103256756e-05
4336.0 0.003276600867600621 0.008149330610734282 3.151274962967399e-05
4338.0 0.00327477238459295 0.008274963597250549 3.119071062933693e-05
4340.0 0.0032729493413796718 0.00838342388526922 3.1027032147039614e-05
4342.0 0.003271131597927024 0.008514035756263494 3.0557406186107704e-05
4344.0 0.00326931901712868 0.008438685374116281 2.994437972847627e-05
4346.0 0.0032675114654239223 0.008480458560686986 3.032609793782334e-05
4348.0 0.003265708812236312 0.008268461528054454 3.093204227605691e-05
4350.0 0.0032639109299807956 0.008149630102578815 3.067185508900518e-05
4352.0 0.0032621176943692376 0.008013357057047692 2.9988582569003812e-05
4354.0 0.003260328984040939 0.008491713951177477 3.238135786257716e-05
4356.0 0.0032585446805981633 0.010010650467301855 5.0524770525281566e-05
4358.0 0.0032567646687127194 0.009247896005831216 4.734756522762955e-05
4360.0 0.00325498883620412 0.008455252082330262 4.800843546948574e-05
4362.0 0.0032532170732224586 0.007401768803216727 4.851734874874847e-05
4364.0 0.003251449273584228 0.007446032621366579 3.4723163726099755e-05
4366.0 0.003249685333436503 0.008027608011253939 3.037447497665184e-05
4368.0 0.003247925151782738 0.008194979638854186 3.057323744491007e-05
4370.0 0.0032461686307101445 0.008166838749116124 3.078077265596472e-05
4372.0 0.0032444156747430952 0.008184132326623081 2.9722747132359548e-05
4374.0 0.0032426661913831367 0.00842364998641847 2.9671708709645644e-05
4376.0 0.0032409200906897695 0.008491048543571345 3.099653971585803e-05
4378.0 0.0032391772855433487 0.008340268142838602 3.258585406209574e-05
4380.0 0.003237437691161915 0.008021921049571347 3.2380323612668426e-05
4382.0 0.0032357012257406836 0.008050307761552206 3.1292196606791256e-05
4384.0 0.0032339678099901903 0.008275327405521973 3.0431570127096938e-05
4386.0 0.0032322373669018134 0.00833023115495518 3.014922868553989e-05
4388.0 0.0032305098222451534 0.00824456459158488 3.0354245640812183e-05
4390.0 0.0032287851042624993 0.008247435371487925 2.9921126528966477e-05
4392.0 0.0032270631435125097 0.008289383647688917 2.967104272600911e-05
4394.0 0.003225343873197062 0.008355890712838586 3.0187126000261275e-05
4396.0 0.003223627228678083 0.008232480404902473 2.9581247520993333e-05
4398.0 0.00322191314796072 0.008312389042730744 2.8839595077032704e-05
4400.0 0.0032202015711320087 0.00838226976544115 2.9118832658193685e-05
4402.0 0.0032184924408014126 0.008471591560273859 2.9828814167220878e-05
4404.0 0.0032167857018663426 0.008532906863648297 3.0919818570235635e-05
4406.0 0.0032150813013060997 0.008514356911248563 3.156643308825765e-05
4408.0 0.003213379188430565 0.008422664599905883 3.2396173933867654e-05
4410.0 0.003211679314759408 0.008405114170958319 3.273812142446871e-05
4412.0 0.0032099816340576126 0.008129165275976385 3.187362728329165e-05
4414.0 0.003208286102214686 0.008421293132060827 3.2134077759191705e-05
4416.0 0.003206592677138076 0.008152441997353934 3.203238249599416e-05
4418.0 0.0032049013189165976 0.008469892231800202 3.135359601195832e-05
4420.0 0.003203211989550425 0.008109367512795318 3.2819744430810776e-05
4422.0 0.0032015246534555786 0.008202201266669689 3.09324657817387e-05
4424.0 0.0031998392766467987 0.008287455076726229 3.1610070063712546e-05
4426.0 0.003198155827242033 0.008221549101087328 3.069601316991318e-05
4428.0 0.0031964742755619113 0.008193810358110837 3.135347748615913e-05
4430.0 0.003194794593547101 0.008210334902737109 3.0328009439140772e-05
4432.0 0.003193116755120684 0.00807006891648897 3.076857051793163e-05
4434.0 0.0031914407362307884 0.008172328293602931 3.023118229894051e-05
4436.0 0.0031897665145166343 0.008305610620728052 2.9486830206003372e-05
4438.0 0.0031880940695430127 0.00842718652335712 2.9817287297204604e-05
4440.0 0.0031864233824734356 0.00826125200574823 3.204049013665077e-05
4442.0 0.0031847544365746216 0.00819401780515512 2.9699779466737477e-05
4444.0 0.003183087216669378 0.008335308941199467 2.855518185907908e-05
4446.0 0.003181421709314236 0.008363781616397257 2.9906473068400338e-05
4448.0 0.0031797579027283973 0.008365093079752282 3.0412912771497315e-05
4450.0 0.0031780957868861037 0.008209050841913033 3.0825912068572676e-05
4452.0 0.0031764353533105805 0.00812489051651123 2.9616079865407652e-05
4454.0 0.0031747765953369367 0.008185209089925831 3.062989497828585e-05
4456.0 0.003173119507735578 0.008208400351732408 2.9431602398537845e-05
4458.0 0.0031714640868401034 0.008266370869959638 2.9686402787029482e-05
4460.0 0.0031698103305544123 0.00827654460695558 2.995219356666207e-05
4462.0 0.003168158238452179 0.008300063464834759 2.965542055070231e-05
4464.0 0.00316650781139316 0.008373371896187412 2.911434935822144e-05
4466.0 0.003164859051899782 0.008286374785770219 2.9637134206387646e-05
4468.0 0.003163211963759238 0.008290288350522635 3.036584127810128e-05
4470.0 0.0031615665524000747 0.008239138359095016 2.9169398884899155e-05
4472.0 0.003159922824416128 0.008361336078862096 2.8108061913215917e-05
4474.0 0.0031582807880141672 0.008452104941396765 2.9086813623198182e-05
4476.0 0.0031566404526301994 0.008318357184557174 3.0076450245215573e-05
4478.0 0.0031550018289294712 0.008181034346883012 3.05067889937375e-05
4480.0 0.0031533649293606913 0.008229972989432942 2.924815865087273e-05
4482.0 0.0031517297670404787 0.008488633406862406 2.892009198809253e-05
4484.0 0.003150096356677068 0.008558552302113425 2.9515022261973526e-05
4486.0 0.003148464714314514 0.008306656907699068 3.111465681664549e-05
4488.0 0.0031468348569774207 0.008170969469050904 3.0527455840255924e-05
4490.0 0.00314520680298358 0.008251535185205635 2.8789886205966787e-05
4492.0 0.0031435805720008148 0.008379204434655273 2.8862354176651605e-05
4494.0 0.0031419561845709154 0.00841808648018827 2.9911523167554023e-05
4496.0 0.003140333662472017 0.008311317763279667 3.045100095331923e-05
4498.0 0.0031387130288393905 0.008236539952055649 3.036614295670117e-05
4500.0 0.0031370943074691127 0.008168060071664979 3.0181553853417096e-05
4502.0 0.003135477523478869 0.008217561135176453 2.98267797568447e-05
4504.0 0.003133862703130319 0.008237745130434643 2.9056688503124353e-05
4506.0 0.003132249873395665 0.008170302257960515 2.91621732344674e-05
4508.0 0.0031306390626184566 0.007953377936805126 2.869499734310234e-05
4510.0 0.003129030299859892 0.007732468556106303 2.809154792997963e-05
4512.0 0.003127423615239877 0.007592009235021778 2.6837571644519444e-05
4514.0 0.003125819039823341 0.0074522060670539235 2.6163433655198377e-05
4516.0 0.0031242166056841825 0.0073361411053102996 2.5803095792898513e-05
4518.0 0.0031226163455926326 0.007263849085203102 2.4660934646447606e-05
4520.0 0.0031210182934202635 0.007209861822832282 2.50383767837728e-05
4522.0 0.0031194224837349793 0.007243064943713903 2.6037151945488907e-05
4524.0 0.0031178289521207603 0.007333871989738222 2.8016560096486312e-05
4526.0 0.0031162377347797587 0.007578398399006373 2.922125724679733e-05
4528.0 0.0031146488689230978 0.007991458283842243 3.1006818369591536e-05
4530.0 0.003113062392472443 0.00835253573402498 3.382364075398953e-05
4532.0 0.0031114783440742144 0.008480939745402724 3.520968700077696e-05
4534.0 0.003109896763078268 0.008628086854309595 3.406420763634159e-05
4536.0 0.0031083176897865883 0.00842929604849525 3.2615083809648266e-05
4538.0 0.003106741164920379 0.008173582905262504 3.217449961938036e-05
4540.0 0.003105167230089023 0.008085181049335106 3.0213776196666796e-05
4542.0 0.003103595927697711 0.008116611776980618 2.986747941466784e-05
4544.0 0.0031020273003790066 0.008172678253951692 2.9944085831656534e-05
4546.0 0.003100461391838394 0.008059770811264863 3.2962216898637574e-05
4548.0 0.003098898246108206 0.008000201195874761 3.112894141690689e-05
4550.0 0.003097337907995268 0.008057274437079405 3.0188080316478067e-05
4552.0 0.0030957804228393115 0.008066746051849356 3.0040376045061115e-05
4554.0 0.0030942258365698194 0.008016916453040812 3.090875197728432e-05
4556.0 0.003092674195649181 0.008052100077447989 3.0340472770995293e-05
4558.0 0.0030911255470655874 0.008026084593696968 2.993195641492558e-05
4560.0 0.0030895799382832934 0.008006223052443072 2.993963992459387e-05
4562.0 0.0030880374171786684 0.007870188442178402 3.066432052158326e-05
4564.0 0.003086498032509155 0.007905283900971064 2.9999297707987093e-05
4566.0 0.0030849618331600936 0.008010853096245121 2.9460589197778697e-05
4568.0 0.0030834288683365685 0.007973073883428893 2.9335269839380257e-05
4570.0 0.0030818991880963154 0.00793473358543321 2.9657223263705555e-05
4572.0 0.0030803728425894406 0.00794986425617127 2.929239139760911e-05
4574.0 0.003078849882442114 0.00802629183386475 2.8525967125552215e-05
4576.0 0.0030773303588134127 0.008057524569553824 2.7628859938125022e-05
4578.0 0.003075814322968995 0.00808494420292052 2.8731747501431148e-05
4580.0 0.0030743018267145317 0.008090228048198594 2.9446381896964348e-05
4582.0 0.0030727929221683326 0.008029780996642817 3.053948349300355e-05
4584.0 0.0030712876618324003 0.0079937988917855 3.118658473338282e-05
4586.0 0.0030697860982868974 0.008019620359874942 2.9934628694880842e-05
4588.0 0.003068288284687526 0.00800188447078905 3.053211232249196e-05
4590.0 0.003066794274189988 0.007916119746925448 2.9252709993550172e-05
4592.0 0.003065304120426049 0.007967692168546184 3.007606192287419e-05
4594.0 0.0030638178772903757 0.007972492812479226 2.9120860544412888e-05
4596.0 0.003062335598748689 0.008132999891308975 2.9511471092577514e-05
4598.0 0.003060857339043821 0.008042183005486 3.0098103045429085e-05
4600.0 0.003059383152795192 0.008107529264939824 2.9895698925062717e-05
4602.0 0.0030579130945085353 0.008078409582995123 2.9537291966525045e-05
4604.0 0.003056447219016434 0.008124697670850237 2.925210607773761e-05
4606.0 0.003054985581492531 0.008231122135703735 2.8673275758975928e-05
4608.0 0.0030535282370038885 0.008254311266335412 2.887064972301673e-05
4610.0 0.0030520752408804697 0.008124919837498336 2.998507610957385e-05
4612.0 0.003050626648452237 0.008058152034168799 3.070720567770234e-05
4614.0 0.003049182515368898 0.008037043908031092 2.9569252013232457e-05
4616.0 0.0030477428973370024 0.008075681327021205 2.9072465037873558e-05
4618.0 0.0030463078498144114 0.008069426964877122 2.8961250119898605e-05
4620.0 0.003044877428855841 0.008093621294129898 2.8566763629255157e-05
4622.0 0.003043451690182053 0.008092110476203238 2.8472915040392695e-05
4624.0 0.003042030689805131 0.008071296936721322 2.8749562335860425e-05
4626.0 0.003040614483616366 0.007990217659290429 2.893785267490743e-05
4628.0 0.0030392031275496834 0.007984406517344174 2.914148944325362e-05
4630.0 0.003037796677631377 0.007955422304941425 2.878422845654127e-05
4632.0 0.003036395189809582 0.007985217388744657 2.8952380984556142e-05
4634.0 0.0030349987200821715 0.007942210318287802 2.8904244463094543e-05
4636.0 0.0030336073243972805 0.007940581509886238 2.9443463711744366e-05
4638.0 0.003032221058766993 0.00793677797062629 2.8895354311136176e-05
4640.0 0.0030308399789262808 0.008031920453829906 2.8671524392240027e-05
4642.0 0.0030294641406598544 0.007897853629695414 2.902384701486015e-05
4644.0 0.0030280935999442704 0.007786095886137509 2.9855272477633716e-05
4646.0 0.0030267284122729166 0.007838683771255727 2.9123970621560436e-05
4648.0 0.0030253686333381324 0.008060947183054671 2.8399997328128954e-05
4650.0 0.0030240143185622514 0.00808504059800432 2.8593333306193306e-05
4652.0 0.003022665523353396 0.007932004855255475 2.835949836488204e-05
4654.0 0.003021322303006002 0.007960468860891055 2.7359282262905066e-05
4656.0 0.003019984712580026 0.008203352160302123 2.755750560272322e-05
4658.0 0.0030186528072206897 0.008212614496339418 2.8456875120273813e-05
4660.0 0.003017326641746365 0.007958149520288066 2.9944626512130234e-05
4662.0 0.003016006270641469 0.007691030356167773 3.0249390396802594e-05
4664.0 0.0030146917488309555 0.00761826114577069 2.938018119596502e-05
4666.0 0.0030133831303587044 0.007818962735609222 2.840934231101392e-05
4668.0 0.0030120804694675485 0.008004666532613912 2.803932600563607e-05
4670.0 0.0030107838202937387 0.00798601639141114 2.8161666959009285e-05
4672.0 0.0030094932364832516 0.007918451268112713 2.8683909705753404e-05
4674.0 0.0030082087717246964 0.007813030830193758 2.9209574033263178e-05
4676.0 0.0030069304791666696 0.007724166990160566 2.9428354586783065e-05
4678.0 0.0030056584121140872 0.007701908394492895 2.875289371358186e-05
4680.0 0.0030043926233602747 0.007892623244680338 2.8323360455987056e-05
4682.0 0.0030031331656417137 0.007908626594581327 2.839995056456091e-05
4684.0 0.0030018800912046117 0.00787441991958107 2.9453364326928517e-05
4686.0 0.0030006334524657063 0.007699182393722766 2.9575554525979758e-05
4688.0 0.0029993933010175056 0.007765096649694573 2.8730218459558644e-05
4690.0 0.002998159688580415 0.007758435484537638 2.8643729977183264e-05
4692.0 0.0029969326664200935 0.007787035781207862 2.8221202165398788e-05
4694.0 0.002995712285716934 0.007732278981238463 2.865364562419257e-05
4696.0 0.0029944985970047355 0.0075738857407565575 2.9210514514486344e-05
4698.0 0.0029932916509878282 0.007580381801308584 2.9088594024286984e-05
4700.0 0.002992091497432625 0.0076597573856151515 2.830271103841187e-05
4702.0 0.0029908981864750217 0.00787002407659957 2.800639483055105e-05
4704.0 0.002989711767412473 0.007846013401418248 2.7765353129331067e-05
4706.0 0.002988532289478485 0.007801389077502598 2.7802998941012424e-05
4708.0 0.0029873598014873437 0.007826255014303007 2.7893595493348516e-05
4710.0 0.0029861943520046452 0.007691505870740988 2.886794784192475e-05
4712.0 0.0029850359890133404 0.007650681305588035 2.9346507928684125e-05
4714.0 0.0029838847604040097 0.007550539657557958 2.908866676417912e-05
4716.0 0.002982740713640908 0.007752832423019112 2.7849925982267698e-05
4718.0 0.002981603895896967 0.007657352916720782 2.8681166857577318e-05
4720.0 0.002980474353655893 0.007629583662222595 2.8530039525622392e-05
4722.0 0.0029793521333658646 0.0076974603282540695 2.8079866515609462e-05
4724.0 0.002978237280970575 0.007641433946166788 2.7874539369410386e-05
4726.0 0.0029771298420584458 0.007800519955848639 2.7276751200534127e-05
4728.0 0.002976029861827101 0.007770683130658787 2.774247909170607e-05
4730.0 0.0029749373850975758 0.007798380450593204 2.8093773523729333e-05
4732.0 0.0029738524562290536 0.00770531942037009 2.8271522533944432e-05
4734.0 0.0029727751193817653 0.007686789773390142 2.767931494090638e-05
4736.0 0.0029717054179059232 0.007911939909982053 2.7248002431166258e-05
4738.0 0.002970643395237005 0.007851742196175645 2.7858023742409206e-05
4740.0 0.0029695890940431013 0.00792396373240751 2.8706945381385588e-05
4742.0 0.0029685425566512436 0.007706808576215476 2.912220847806035e-05
4744.0 0.00296750382526767 0.007532603755791908 3.139914264054876e-05
4746.0 0.00296647294111807 0.007428508126222002 3.183256507177616e-05
4748.0 0.002965449945484977 0.007468109813599406 2.9969311422100846e-05
4750.0 0.002964434879025646 0.007657039495054165 2.703957317853015e-05
4752.0 0.002963427782049166 0.0077167031582954055 2.7033673110261922e-05
4754.0 0.0029624286942535605 0.007684592212999403 2.7945392573121747e-05
4756.0 0.0029614376551378996 0.007666575156565998 2.8310641639829866e-05
4758.0 0.002960454703618609 0.00764133419736436 2.781956820861206e-05
4760.0 0.002959479878335003 0.007637875361312367 2.755427638656635e-05
4762.0 0.002958513217123482 0.0076465928015908464 2.753915667318836e-05
4764.0 0.0029575547577707084 0.007742684384140039 2.8097191458338545e-05
4766.0 0.002956604537359908 0.007773112588722583 2.7934055208399505e-05
4768.0 0.00295566259278246 0.007704111863325563 2.818186803720269e-05
4770.0 0.0029547289601836724 0.007667115477630499 2.7680779151971125e-05
4772.0 0.0029538036755667463 0.007723403980680112 2.7704210858626303e-05
4774.0 0.0029528867741461795 0.007750521621704928 2.7399243184991966e-05
4776.0 0.0029519782909304126 0.007798186959531326 2.69190459348035e-05
4778.0 0.002951078260338136 0.007703457699362039 2.7433430981291138e-05
4780.0 0.002950186716589087 0.007546383774941413 2.7966610776086513e-05
4782.0 0.0029493036930503536 0.007501277062778231 2.8375495290963484e-05
4784.0 0.002948429223025073 0.007570325134309944 2.726781034215735e-05
4786.0 0.002947563339105841 0.007610032529605209 2.685494050853945e-05
4788.0 0.002946706073331029 0.007667856782898907 2.6721970709133043e-05
4790.0 0.002945857457845591 0.007833537265902517 2.7403933363487395e-05
4792.0 0.0029450175236434006 0.007789126382533544 2.7449432831751337e-05
4794.0 0.0029441863016899106 0.007692169646971957 2.7858252018541777e-05
4796.0 0.0029433638223110847 0.007619236322612197 2.7833524971441937e-05
4798.0 0.00294255011554867 0.007693047800261769 2.7491078969857703e-05
4800.0 0.0029417452108333464 0.007755139415510826 2.6928391602527475e-05
4802.0 0.0029409491373044716 0.007830581668590629 2.7004127548265472e-05
4804.0 0.002940161923348228 0.007744099798967757 2.707665081698945e-05
4806.0 0.0029393835973863247 0.00771846109294931 2.7455984978790378e-05
4808.0 0.0029386141867746574 0.007688972738990369 2.738405748488754e-05
4810.0 0.0029378537190041243 0.007762643137826333 2.696419061878885e-05
4812.0 0.002937102220855081 0.007832240471530605 2.618684098832561e-05
4814.0 0.002936359718525239 0.008024328711853622 2.6514543589309698e-05
4816.0 0.0029356262382265186 0.008009680419348653 2.701980353192486e-05
4818.0 0.0029349018050126574 0.008014879164544074 2.7880211305998636e-05
4820.0 0.0029341864442926635 0.007726271758308837 2.8620759871382915e-05
4822.0 0.0029334801805518396 0.007762619978847475 2.8813139202942867e-05
4824.0 0.0029327830379628494 0.0076721141527295485 2.835959116771414e-05
4826.0 0.002932095040179661 0.007874184115909958 2.761394484221059e-05
4828.0 0.0029314162107212383 0.007656369059385574 2.7776336897562466e-05
4830.0 0.002930746572253895 0.007941383845443453 2.7429114310807698e-05
4832.0 0.0029300861473657847 0.00779105580448765 2.7776673437902777e-05
4834.0 0.002929434958183208 0.007747842586250296 2.796103164110823e-05
4836.0 0.002928793026320875 0.007772885696783449 2.8051445706048708e-05
4838.0 0.0029281603727753236 0.007774485451894439 2.8037278277743753e-05
4840.0 0.0029275370187775707 0.007764255136678384 2.902095031069505e-05
4842.0 0.002926922984393343 0.007635451188590568 2.939065579687926e-05
4844.0 0.002926318289858898 0.007734575604667181 2.7648142243958274e-05
4846.0 0.0029257229547425823 0.007599750966840293 2.8283502063047823e-05
4848.0 0.0029251369983427367 0.007568920792407394 2.819237446544014e-05
4850.0 0.002924560439311108 0.007640157403807909 2.803819762840855e-05
4852.0 0.002923993296299443 0.007521312387437893 2.790369189547521e-05
4854.0 0.002923435587419476 0.00748298635034956 2.9133956477777945e-05
4856.0 0.002922887330392143 0.007421452558518674 2.919641957964296e-05
4858.0 0.0029223485425120543 0.008155170728822419 2.830964221271634e-05
4860.0 0.0029218192406901267 0.008154399983900459 2.7945811491869996e-05
4862.0 0.002921299441780434 0.00793985501285972 3.009162365102728e-05
4864.0 0.0029207891619478232 0.00732042625728785 3.2283143701637885e-05
4866.0 0.0029202884171795063 0.007368762352578156 2.7146033198540163e-05
4868.0 0.002919797223036369 0.007339982164470021 2.720475186026133e-05
4870.0 0.002919315594958505 0.0074373467443301965 2.793195767342301e-05
4872.0 0.0029188435477323083 0.007405729544023137 2.7966788159999406e-05
4874.0 0.0029183810959452217 0.007562249631963127 2.69397865561697e-05
4876.0 0.0029179282539857354 0.0075717885667476335 2.6077159576981628e-05
4878.0 0.0029174850359225957 0.007562192933757888 2.6480657516662774e-05
4880.0 0.002917051455334274 0.00746823186122688 2.7283706120249077e-05
4882.0 0.0029166275257352936 0.007278967089007948 2.7707493241961066e-05
4884.0 0.0029162132602209567 0.0074907544416773775 2.7326402808652792e-05
4886.0 0.0029158086716947196 0.007533992947960041 2.683421221079621e-05
4888.0 0.002915413772491604 0.0076919654954979745 2.615314603360943e-05
4890.0 0.0029150285751526894 0.007713142481879663 2.704623546091589e-05
4892.0 0.0029146530916648317 0.007623784046231971 2.6857573483203607e-05
4894.0 0.0029142873339012 0.007460162100014312 2.7668071149776927e-05
4896.0 0.00291393131318074 0.007288379259410664 2.6960345496342984e-05
4898.0 0.0029135850410781927 0.007503754929533433 2.660093637189991e-05
4900.0 0.002913248528457757 0.007541705563637051 2.5958929492729886e-05
4902.0 0.0029129217864962698 0.007874158674275818 2.584673830955702e-05
4904.0 0.002912604825581866 0.007608881227339544 2.621384392945118e-05
4906.0 0.0029122976562518943 0.007520763832770791 2.6726045330968073e-05
4908.0 0.0029120002888447516 0.007399654347351647 2.716899335905447e-05
4910.0 0.0029117127333009307 0.007621492335148988 2.655183654542044e-05
4912.0 0.002911434999802509 0.0077534147455257385 2.693179725394507e-05
4914.0 0.002911167097899181 0.007475663296105919 2.6583125644533046e-05
4916.0 0.002910909037225906 0.00731351404446573 2.7436316474741984e-05
4918.0 0.0029106608272115864 0.007586707746926246 2.76308022441908e-05
4920.0 0.002910422477199859 0.007897844445291078 2.6959586399529615e-05
4922.0 0.0029101939963993573 0.007839384193035133 2.65245335500269e-05
4924.0 0.002909975393791342 0.007415140223638774 2.6852151753267775e-05
4926.0 0.002909766678520498 0.00742061650617162 2.726627376943596e-05
4928.0 0.002909567859212814 0.007454159357002671 2.6750938913301348e-05
4930.0 0.0029093789448211282 0.007424341616638692 2.6645088918322412e-05
4932.0 0.0029091999439003757 0.007631631397597199 2.6419337976972007e-05
4934.0 0.0029090308652541808 0.007628919042671728 2.5838031364064455e-05
4936.0 0.002908871717508532 0.00753140391749472 2.6751876219084917e-05
4938.0 0.0029087225088915147 0.007477876054745786 2.6788426391637335e-05
4940.0 0.002908583248135699 0.007422948670226212 2.752350494817172e-05
4942.0 0.002908453943831546 0.007274902011096358 2.6874244185714164e-05
4944.0 0.002908334604235563 0.007391500923238768 2.6937876531843588e-05
4946.0 0.0029082252380234763 0.00752508741440724 2.6049082168152816e-05
4948.0 0.0029081258534446874 0.0076181607963986975 2.5935062549143933e-05
4950.0 0.002908036459338348 0.007659497212987449 2.6137832154684327e-05
4952.0 0.0029079570640035968 0.007299079456047551 2.7983560740941442e-05
4954.0 0.002907887676165899 0.007074563378164553 2.848513895669329e-05
4956.0 0.0029078283044370323 0.00747067129130602 2.8777347969912147e-05
4958.0 0.0029077789575921997 0.007638513018424438 2.6854406102701764e-05
4960.0 0.0029077396447121373 0.007689090269133124 2.654097116654286e-05
4962.0 0.00290771037427362 0.007346083979237149 2.6071346598471615e-05
4964.0 0.00290769115554923 0.007549949027196488 2.6966054812429185e-05
4966.0 0.002907681997747602 0.007391002486880709 2.6828819557084298e-05
4968.0 0.002907682910120002 0.007630032449633134 2.623789226389434e-05
4970.0 0.0029076939022232295 0.007519523635235459 2.6469577021730026e-05
4972.0 0.002907714983521714 0.007465821625087922 2.6926921761145347e-05
4974.0 0.002907746164076741 0.007326119703042217 2.725814591281706e-05
4976.0 0.0029077874535872184 0.007487297938250932 2.6425932303774507e-05
4978.0 0.00290783886250523 0.007379252472924196 2.677533243811601e-05
4980.0 0.002907900401112329 0.0073160303422591865 2.7272890666838313e-05
4982.0 0.0029079720802656084 0.007445622409389559 2.7740440349976256e-05
4984.0 0.0029080539106232095 0.007713047389225576 2.7149372369364046e-05
4986.0 0.002908145903589343 0.007515258041633949 2.5882928999076756e-05
4988.0 0.0029082480705255875 0.0075602707671748965 2.5638749737628545e-05
4990.0 0.002908360423226952 0.007386949416509402 2.6693253765235896e-05
4992.0 0.002908482973580817 0.007400760641316771 2.6904941205731305e-05
4994.0 0.002908615734405373 0.007227118825584741 2.755605424191085e-05
4996.0 0.002908758718028537 0.007316110568949747 2.6543051178534243e-05
4998.0 0.002908911937630876 0.007388701733284626 2.607318504854748e-05
5000.0 0.0029090754068406 0.007507888857356303 2.5802924723512293e-05
5002.0 0.002909249139342762 0.007417077499151748 2.57394332318968e-05
5004.0 0.0029094331493482173 0.007553502910585158 2.6306897567760346e-05
5006.0 0.002909627451550989 0.007438706656163519 2.58076689845674e-05
5008.0 0.00290983206112827 0.007378568929494749 2.6083450648701265e-05
5010.0 0.0029100469936054196 0.007168448471631124 2.60039405405643e-05
5012.0 0.0029102722649980706 0.0075210547842650115 2.5842149745678403e-05
5014.0 0.0029105078916273897 0.00747495113526072 2.559773001100733e-05
5016.0 0.0029107538907950925 0.007651081371830859 2.569522820898386e-05
5018.0 0.0029110102797460513 0.007317990011192092 2.609152727095983e-05
5020.0 0.002911277076684371 0.007428432503669606 2.6610818578084085e-05
5022.0 0.0029115543002191657 0.007227395839277564 2.632691234106112e-05
5024.0 0.0029118419693858755 0.007352958188981325 2.5837764488458364e-05
5026.0 0.002912140104079697 0.0075375478497710265 2.5521209820058702e-05
5028.0 0.0029124487246647845 0.007587234450779607 2.5097228235203388e-05
5030.0 0.002912767851995568 0.007426273544501624 2.594639883117431e-05
5032.0 0.002913097507750706 0.006970048297562197 2.6325266095573882e-05
5034.0 0.002913437714283873 0.0072070331793612444 2.6496826344281964e-05
5036.0 0.0029137884944319126 0.007139734296346914 2.6311576742783254e-05
5038.0 0.0029141498719553738 0.007316968513367639 2.665307758204224e-05
5040.0 0.0029145218711619236 0.00750099440301433 2.6629448382544796e-05
5042.0 0.002914904517105299 0.007620439988513732 2.628058931599693e-05
5044.0 0.0029152978357487314 0.007209404141576539 2.5661415820144204e-05
5046.0 0.0029157018536736246 0.007031485340800579 2.5786571995267286e-05
5048.0 0.002916116598122187 0.007149958318258174 2.6048195078741987e-05
5050.0 0.002916542097558761 0.007377809142622135 2.5785133647334252e-05
5052.0 0.0029169783807887484 0.007269418175165704 2.5338439741728013e-05
5054.0 0.0029174254778396858 0.00729342663708137 2.4887830989855575e-05
5056.0 0.002917883419357281 0.007147675286338527 2.53366154325331e-05
5058.0 0.002918352237138322 0.007246275452074941 2.5336793169052284e-05
5060.0 0.002918831963555135 0.0072654627541763085 2.4743100003153833e-05
5062.0 0.002919322632280341 0.007210374069827493 2.4939625492364117e-05
5064.0 0.0029198242775620997 0.007243689421287407 2.4682425048983385e-05
5066.0 0.002920336934735701 0.007613684499826611 2.4828148127423813e-05
5068.0 0.0029208606404793613 0.007203545264591157 2.6055759778289488e-05
5070.0 0.002921395431826568 0.006971621136522574 2.7307298627781725e-05
5072.0 0.0029219413473526856 0.0069806620158700235 2.6861684078213166e-05
5074.0 0.0029224984265212584 0.007294137001442638 2.6031049556729927e-05
5076.0 0.0029230667098474328 0.007181555364407481 2.5143436986162184e-05
5078.0 0.002923646238969013 0.00778222993739007 2.5968188701895153e-05
5080.0 0.0029242370564475095 0.0077396626831195805 2.660342761605668e-05
5082.0 0.002924839206450258 0.007823815997327873 2.831021689626479e-05
5084.0 0.002925452733933298 0.0068650565644513 3.3990739132272157e-05
5086.0 0.0029260776849540093 0.006731675633700726 3.510159182722098e-05
5088.0 0.0029267141071542824 0.006654606040613623 3.4467603145244944e-05
5090.0 0.0029273620490926078 0.007032586525427056 2.9273286246785077e-05
5092.0 0.0029280215605496096 0.007239638491509661 2.5661767829495044e-05
5094.0 0.002928692692783841 0.0071942996503373356 2.4943066520012956e-05
5096.0 0.0029293754982049336 0.007361376686532554 2.5185304091989687e-05
5098.0 0.0029300700305725513 0.0072934380243553495 2.7472217931707122e-05
5100.0 0.002930776345216657 0.00708861910847181 2.927903765561173e-05
5102.0 0.0029314944982274938 0.006983855639101294 2.8848858095244392e-05
5104.0 0.002932224547684825 0.007041613924932068 2.676027714434538e-05
5106.0 0.002932966552776861 0.007253700645610817 2.60923959315563e-05
5108.0 0.002933720574134213 0.007373844304789772 2.6150259629208085e-05
5110.0 0.0029344866741070064 0.007398210236056671 2.5950633214326487e-05
5112.0 0.002935264916082758 0.007317523669648163 2.547879888701626e-05
5114.0 0.002936055365360346 0.0072133320046620115 2.5957484063251758e-05
5116.0 0.0029368580883257778 0.0070871799403526385 2.637676900735836e-05
5118.0 0.002937673153539322 0.006985368118128401 2.7057013645055333e-05
5120.0 0.002938500630527585 0.006912388494475412 2.6867386380468844e-05
5122.0 0.0029393405907214287 0.00710759105008186 2.6547655095196146e-05
5124.0 0.002940193107299649 0.007283003416593606 2.631362616714426e-05
5126.0 0.0029410582545921216 0.007367337657643152 2.591042474663795e-05
5128.0 0.0029419361090461393 0.007402474581434493 2.5665749512189444e-05
5130.0 0.0029428267487787707 0.007301985004243646 2.5253963544564856e-05
5132.0 0.0029437302534773835 0.007278014086141039 2.5545243901360622e-05
5134.0 0.0029446467046909675 0.006988840294885593 2.621446368071925e-05
5136.0 0.0029455761857306584 0.006984656673017708 2.6441229139104063e-05
5138.0 0.0029465187815631566 0.007166554923573126 2.5468172628372918e-05
5140.0 0.002947474579094944 0.007335736737552771 2.5779592298393547e-05
5142.0 0.002948443667278866 0.0072515852356515075 2.5551801785603483e-05
5144.0 0.002949426136439115 0.007067486529666831 2.6025276157710444e-05
5146.0 0.002950422079436521 0.007093821180386109 2.5687146934559964e-05
5148.0 0.0029514315906169486 0.007172575688238674 2.5418820577677567e-05
5150.0 0.0029524547665289447 0.007190676081310919 2.540334628184858e-05
5152.0 0.0029534917055187293 0.007159677300451329 2.5173484702648926e-05
5154.0 0.0029545425079433585 0.007275902202761937 2.5633621457619547e-05
5156.0 0.0029556072764762575 0.007209845013082018 2.566042036369726e-05
5158.0 0.0029566861155814195 0.0070947828996952055 2.6037927539637963e-05
5160.0 0.002957779131897098 0.006979678381950611 2.6602971728187496e-05
5162.0 0.0029588864341434373 0.0068001885091326045 2.6682400559589546e-05
5164.0 0.002960008133499059 0.006690528614093586 2.744559055391038e-05
5166.0 0.002961144342833677 0.007383080425752837 2.7657214052269595e-05
5168.0 0.0029622951775110096 0.00705593997262818 2.733855585723331e-05
5170.0 0.0029634607550050873 0.007454422379918035 2.7483767348726387e-05
5172.0 0.0029646411953976326 0.007508945636060008 2.755442360611973e-05
5174.0 0.0029658366206248843 0.007757885313986318 2.7430002888543568e-05
5176.0 0.0029670471549749777 0.007118127024638844 2.703576693990727e-05
5178.0 0.0029682729254219 0.006485187469011977 2.6937749015062962e-05
5180.0 0.0029695140610712656 0.006300499419868445 2.8060773640279093e-05
5182.0 0.002970770693423219 0.007486663139553062 2.8362379507928054e-05
5184.0 0.002972042956592702 0.00819350792157101 2.7548589250233068e-05
5186.0 0.0029733309868902325 0.008012813200566701 2.696585051350888e-05
5188.0 0.0029746349233477076 0.006567574517672272 2.8654530044273857e-05
5190.0 0.002975954907547873 0.006736370949837872 2.8576591498475907e-05
5192.0 0.002977291083361422 0.006978912072855008 2.6401454594060573e-05
5194.0 0.002978643597444375 0.008158774520724813 2.929171628954147e-05
5196.0 0.002980012599188342 0.007993054745298196 3.2451780463508496e-05
5198.0 0.0029813982402657757 0.00746242340174736 3.2268618713489245e-05
5200.0 0.0029828006752623537 0.00670376422569557 3.7721202961666605e-05
5202.0 0.0029842200616698733 0.006076849533627303 3.586350879373611e-05
5204.0 0.002985656559260974 0.006693074774543134 3.0331942477336275e-05
5206.0 0.00298711033087784 0.007098740911247187 2.6690285116297495e-05
5208.0 0.0029885815420698236 0.0075522319958106696 2.581573586022682e-05
5210.0 0.002990070361185815 0.007095372421641388 2.6575424383766006e-05
5212.0 0.0029915769596229325 0.006635560491099259 2.6533310272242084e-05
5214.0 0.002993101511414409 0.00695850011196752 2.5164772597269057e-05
5216.0 0.002994644193698548 0.007348969562663855 2.485679102416709e-05
5218.0 0.0029962051865055628 0.0073021898619716535 2.537579332925896e-05
5220.0 0.002997784672650994 0.007112957900836295 2.5444024702537202e-05
5222.0 0.002999382838581255 0.006748939613578724 2.8146567890155485e-05
5224.0 0.0030009998729170206 0.006704813951024723 2.8459095483628867e-05
5226.0 0.00300263596817274 0.007210567212512146 2.8668137675940917e-05
5228.0 0.0030042913194705534 0.007389797791895235 2.6404370046973658e-05
5230.0 0.0030059661253361014 0.007132434382997856 2.5466318288717214e-05
5232.0 0.0030076605873432527 0.006967859126219544 2.590988179512874e-05
5234.0 0.0030093749104125322 0.007322620463487757 2.5601756112430667e-05
5236.0 0.003011109302406112 0.0076178045982137075 2.6141232372914265e-05
5238.0 0.003012863974831248 0.007121350979239993 2.9247756683486573e-05
5240.0 0.003014639142342901 0.006925358451079768 3.0249621042659178e-05
5242.0 0.0030164350230492687 0.0068758059722504065 2.8628236702268264e-05
5244.0 0.0030182518381849377 0.006996575115828698 2.6043837784355553e-05
5246.0 0.0030200898127858977 0.007171806530009421 2.5045851763829195e-05
5248.0 0.003021949174886629 0.0072127141645015646 2.540617862434465e-05
5250.0 0.0030238301564651238 0.007153080000692935 2.498227452066267e-05
5252.0 0.0030257329925618137 0.007289847512853354 2.4458501942482145e-05
5254.0 0.0030276579221464317 0.007704687807051921 2.595902279633189e-05
5256.0 0.0030296051874998398 0.007381352038369006 2.8118951280714805e-05
5258.0 0.003031575034924572 0.006898233695943526 3.0251483729046614e-05
5260.0 0.0030335677137927064 0.006409430928617063 2.811445378172685e-05
5262.0 0.0030355834777608948 0.006892832380888889 2.763428369986623e-05
5264.0 0.0030376225836974413 0.007441738815805731 2.7215803386741528e-05
5266.0 0.0030396852924923223 0.00723245208511487 2.6428831996086675e-05
5268.0 0.0030417718688653395 0.00758797977833139 2.6780703670127173e-05
5270.0 0.0030438825813590142 0.007304111305208866 2.621854684652798e-05
5272.0 0.003046017702239112 0.007432450995776592 2.5554217521450562e-05
5274.0 0.0030481775079778117 0.007498962412616183 2.6225500561638536e-05
5276.0 0.0030503622785431617 0.007281409067496819 2.704398574300808e-05
5278.0 0.003052572298081202 0.0070304717585283226 2.7672087170124795e-05
5280.0 0.0030548078549870183 0.0065450641217861425 2.5936551229583582e-05
5282.0 0.00305706924137894 0.007245353846563163 2.5567685263464484e-05
5284.0 0.003059356753546183 0.007433419716034803 2.536856910258961e-05
5286.0 0.003061670692133589 0.007232421072137832 2.572092943539524e-05
5288.0 0.00306401136151635 0.006936667436243334 2.5931994024500352e-05
5290.0 0.003066379070581604 0.00688500090180389 2.525751425047008e-05
5292.0 0.0030687741324584294 0.007075753949050773 2.5743439143551374e-05
5294.0 0.0030711968643828413 0.006801628123460664 2.5076255682963627e-05
5296.0 0.0030736475878256897 0.007406941565067742 2.525132854274473e-05
5298.0 0.003076126629053988 0.007498274490987998 2.5611558104435838e-05
5300.0 0.003078634318200102 0.007709098402889021 2.5521646079940936e-05
5302.0 0.003081170990029136 0.0070914650574256015 2.5388057655181114e-05
5304.0 0.0030837369838181417 0.006981595008824186 2.479457620131112e-05
5306.0 0.0030863326432566396 0.007147077647339185 2.550936832438045e-05
5308.0 0.003088958316688206 0.006953023307179764 2.537860543816107e-05
5310.0 0.00309161435689731 0.007135047466798947 2.532334716324398e-05
5312.0 0.00309430112134379 0.007095819006488315 2.6084572364978167e-05
5314.0 0.003097018972091803 0.007216618521146824 2.608229140534499e-05
5316.0 0.0030997682759519307 0.007056935901108484 2.5571884997203765e-05
5318.0 0.0031025494044811808 0.006913877224181333 2.5658171946403578e-05
5320.0 0.0031053627339474588 0.006817742080777199 2.5317954770952917e-05
5322.0 0.0031082086454290447 0.006887362290372721 2.5713716736205694e-05
5324.0 0.003111087524864331 0.007052397741559951 2.645592375990251e-05
5326.0 0.0031139997633076177 0.007099273637454699 2.6516697849802967e-05
5328.0 0.0031169457562612024 0.0077569278704020085 2.6128875141342126e-05
5330.0 0.003119925904456977 0.007715590397260475 2.5960273738071787e-05
5332.0 0.003122940613664582 0.007410175079353894 2.6549153851420142e-05
5334.0 0.0031259902948619356 0.006507944295568988 2.552196221060359e-05
5336.0 0.0031290753637236435 0.006766415807849326 2.5466331656879748e-05
5338.0 0.0031321962415873372 0.007058752162624203 2.5596770041038563e-05
5340.0 0.0031353533540183776 0.007445011888302934 2.5508833670499628e-05
5342.0 0.0031385471331049075 0.007322146100720178 2.547887587151991e-05
5344.0 0.003141778014942531 0.006965476931257448 2.571510245461186e-05
5346.0 0.0031450464418796287 0.00675874524265354 2.5708767513302708e-05
5348.0 0.003148352860847581 0.007969739655456274 2.5805779198458426e-05
5350.0 0.0031516977248671196 0.007637063715476589 2.5820862891331532e-05
5352.0 0.0031550814916201375 0.007165521109337453 2.621086823333792e-05
5354.0 0.003158504624991565 0.00700184845578475 2.5834752813750482e-05
5356.0 0.003161967593634074 0.007612382612500934 2.628641865504443e-05
5358.0 0.0031654708724886405 0.007332406664620473 2.649338272001281e-05
5360.0 0.003169014941590831 0.006594623767331855 2.8105075746059794e-05
5362.0 0.003172600286575289 0.0068894125092283645 2.62563689512447e-05
5364.0 0.00317622739900969 0.007136480184425721 2.6387151206982214e-05
5366.0 0.0031798967762455277 0.0073868432147396286 2.6467551299894468e-05
5368.0 0.0031836089208994167 0.007593107645721764 2.6492117284743654e-05
5370.0 0.003187364341982857 0.007826977998931098 2.6661170038272787e-05
5372.0 0.0031911635540780026 0.007611403521183187 2.609356227872398e-05
5374.0 0.0031950070774513506 0.007657245478668844 2.5604583645370156e-05
5376.0 0.003198895438345062 0.007201932870940585 2.5927126808899753e-05
5378.0 0.0032028291696093447 0.0072427759324477274 2.66516066698759e-05
5380.0 0.003206808809387951 0.007128379109738512 2.66088050716308e-05
5382.0 0.0032108349019424054 0.007437093477019791 2.6010528315310133e-05
5384.0 0.003214907998057015 0.007431945924358739 2.5621465752103166e-05
5386.0 0.0032190286542643776 0.007105854315076754 2.5489465465538705e-05
5388.0 0.0032231974336411895 0.006854098131621887 2.686741880816083e-05
5390.0 0.003227414905310866 0.007685690460288603 2.5915986244238216e-05
5392.0 0.0032316816443653806 0.00782885094372203 2.6097503310062763e-05
5394.0 0.0032359982328742376 0.007544943975477331 2.584084700985178e-05
5396.0 0.0032403652588897103 0.006913177677935293 2.767491579474962e-05
5398.0 0.003244783316880273 0.007186291686830705 2.6153821535758467e-05
5400.0 0.0032492530077519177 0.00730244037060435 2.6463666014584924e-05
5402.0 0.0032537749390613158 0.00699469715158434 2.680384935978251e-05
5404.0 0.0032583497249589755 0.007459971953716033 2.7170477593629835e-05
5406.0 0.0032629779860329222 0.007474760508680473 2.672933871555005e-05
5408.0 0.0032676603495076506 0.007579694575855316 2.673667913778821e-05
5410.0 0.0032723974493933383 0.007379151989415631 2.6678355552183887e-05
5412.0 0.0032771899265284787 0.007322111432671025 2.6634898697024492e-05
5414.0 0.003282038428245926 0.007594940751288326 2.664665729213266e-05
5416.0 0.003286943608983961 0.007570831221198222 2.633103506723207e-05
5418.0 0.003291906129753386 0.007471628774692309 2.6119755270946572e-05
5420.0 0.003296926658983068 0.007354017379045331 2.6639914534814177e-05
5422.0 0.003302005871688607 0.007521907045615561 2.6534612979593107e-05
5424.0 0.003307144449898658 0.007749253628168589 2.6874577679664985e-05
5426.0 0.0033123430828680966 0.007374609198049383 2.6138740305971794e-05
5428.0 0.0033176024667369575 0.007309648144772537 2.6227707275510997e-05
5430.0 0.003322923305113079 0.007409430870929214 2.653657455561777e-05
5432.0 0.0033283063085391973 0.0077077442430690795 2.6553260971089815e-05
5434.0 0.003333752194940587 0.007883384398146556 2.7212910341805766e-05
5436.0 0.0033392616895397964 0.0077105700178111795 2.6563454990573087e-05
5438.0 0.0033448355249703354 0.007442370041997473 2.656622226136464e-05
5440.0 0.003350474441262463 0.007079977099076286 2.6171888711351188e-05
5442.0 0.0033561791856016043 0.006713671153403342 2.805622482048538e-05
5444.0 0.0033619505128896776 0.007796723447424662 2.769366895664808e-05
5446.0 0.0033677891856740416 0.00808165409148841 2.7872418557026468e-05
5448.0 0.003373695973948543 0.008119689882348128 2.7459434642236725e-05
5450.0 0.003379671655309835 0.007186325092632733 2.7625360327132583e-05
5452.0 0.0033857170152842286 0.007163230600204947 2.7247174144001223e-05
5454.0 0.0033918328468303116 0.0063850142842557115 2.9507372718107033e-05
5456.0 0.003398019950893172 0.002321422870095377 6.057071215879956e-05
5458.0 0.0034042791362765 0.009700723937416196 5.467187117772812e-05
5460.0 0.003410611219244686 0.015495358424342145 8.489854479722781e-05
5462.0 0.0034170170246596854 0.01616191232981127 9.853612432863249e-05
5464.0 0.0034234973850360007 0.00739191276510905 4.394500392807178e-05
5466.0 0.003430053140981215 0.0031184369399431247 5.003555702672151e-05
5468.0 0.003436685140890461 0.006477657098910102 3.0086392935680748e-05
5470.0 0.0034433942418843344 0.00710538929930081 2.6161203642086784e-05
5472.0 0.0034501813086649236 0.007149962975444942 2.6177700776940983e-05
5474.0 0.003457047214659781 0.007687543042232846 2.7124200573994086e-05
5476.0 0.003463992841318486 0.007696642703058014 2.7679157285778108e-05
5478.0 0.0034710190785318673 0.006930934473356106 3.1871733036725206e-05
5480.0 0.00347812682430515 0.007782159760997089 2.837621195020902e-05
5482.0 0.0034853169858664046 0.008792200718576127 3.042222000099055e-05
5484.0 0.0034925904778546624 0.009313085036464186 3.3422666478220655e-05
5486.0 0.0034999482243236457 0.007578827001987311 2.713807830971164e-05
5488.0 0.003507391157270945 0.00697773402047491 3.132676104448845e-05
5490.0 0.0035149202180093653 0.007414761657422709 3.16589964363616e-05
5492.0 0.003522536356108219 0.007892413256545822 2.970852518584506e-05
5494.0 0.0035302405299901807 0.0077374612862013996 3.0547689024395723e-05
5496.0 0.0035380337068886547 0.008073129041905762 3.2608725199129714e-05
5498.0 0.0035459168628477755 0.00896375523141062 3.380720484901349e-05
5500.0 0.003553890982963992 0.00893896854011065 3.421289611309738e-05
5502.0 0.0035619570614571217 0.008774364142102985 3.4355956088783324e-05
5504.0 0.0035701161008816484 0.00848064017226543 3.4909929101253094e-05
5506.0 0.0035783691134270157 0.008671905426346755 3.588030671927525e-05
5508.0 0.003586717120100502 0.008530499546848005 3.655930705793132e-05
5510.0 0.003595161151807247 0.007865882042367538 3.940220177427244e-05
5512.0 0.00360370224770179 0.009829523600403867 4.24411569635954e-05
5514.0 0.0036123414567157397 0.009350700098516814 4.088701741840447e-05
5516.0 0.003621079837202501 0.007694172692557139 3.849017685834439e-05
5518.0 0.0036299184565748988 0.006639255131570299 3.89445920883517e-05
5520.0 0.003638858391958877 0.007045142173278522 4.3484921837378864e-05
5522.0 0.003647900730122444 0.006682510350147563 4.076081427783039e-05
5524.0 0.003657046566928557 0.006550781363606811 4.683936359259594e-05
5526.0 0.003666297008159347 0.006749472162922324 3.952449392820401e-05
5528.0 0.0036756531690826932 0.006749472162922324 3.952449392820401e-05
5530.0 0.0036851161750135475 0.006749472162922324 3.952449392820401e-05
5532.0 0.0036946871606673426 0.006749472162922324 3.952449392820401e-05
5534.0 0.0037043672704939468 0.006749472162922324 3.952449392820401e-05
5536.0 0.0037141576596511072 0.006749472162922324 3.952449392820401e-05
5538.0 0.0037240594922920423 0.006749472162922324 3.952449392820401e-05
5540.0 0.0037340739429865266 0.006749472162922324 3.952449392820401e-05
