# Based on "empty" Random 3.5" apertures with g 24.5 limit scaled down by 7.7 to match a per fiber level.
# Model from biweight stack of "empty" apertures from shots from 2018-2022.
# WAVE MODEL_FLUXD          STACK_FLUXD         STACK_FLUXDe    (e-17)
3470.0 0.01956817362636257 0.01956817362636257 0.0001747375768798671
3472.0 0.019568310666154085 0.019568310666154085 0.00017472929522140514
3474.0 0.019567198251711507 0.019567198251711507 0.00017473187732364005
3476.0 0.019544190718440272 0.019544190718440272 0.00017528760079389626
3478.0 0.01961947360817322 0.01961947360817322 0.00017605642611602447
3480.0 0.01969338342261022 0.01969338342261022 0.00017772607029275996
3482.0 0.019736870046808037 0.019736870046808037 0.00018007457271153836
3484.0 0.019748610209315145 0.019748610209315145 0.0001844746259932034
3486.0 0.019567827263274166 0.019567827263274166 0.0001918107059661352
3488.0 0.0195625632165346 0.0195625632165346 0.0002027925320168223
3490.0 0.019702750272030643 0.019702750272030643 0.0002176461046447898
3492.0 0.019473290005402915 0.019473290005402915 0.00023640547626980587
3494.0 0.01887754591343295 0.01887754591343295 0.0002570064348901762
3496.0 0.018937340924777293 0.018937340924777293 0.0002746244377760173
3498.0 0.01757184209847689 0.01757184209847689 0.00029187093602490625
3500.0 0.017873530041130826 0.017873530041130826 0.0003080311292528719
3502.0 0.016594879839832485 0.016594879839832485 0.00031801122578688446
3504.0 0.017419012552197206 0.017419012552197206 0.00032091129978900965
3506.0 0.017832404202057967 0.017832404202057967 0.0003290468808000461
3508.0 0.01749087052403299 0.01749087052403299 0.0003343720490402143
3510.0 0.016502070558216436 0.016502070558216436 0.0003382000632514897
3512.0 0.01647260034907476 0.01647260034907476 0.00032857423428652707
3514.0 0.016073744323775112 0.016073744323775112 0.0003229890076237698
3516.0 0.015972441248242875 0.015972441248242875 0.00032270339963782715
3518.0 0.01570207818574142 0.01570207818574142 0.00031915806318355403
3520.0 0.015353648683331663 0.015353648683331663 0.0003117263357042222
3522.0 0.0156990415201721 0.0156990415201721 0.00030156010701026657
3524.0 0.016055286019193864 0.016055286019193864 0.00029348538654932197
3526.0 0.015388211221382498 0.015388211221382498 0.0002913110096584216
3528.0 0.01534182349074072 0.01534182349074072 0.0002938401719487681
3530.0 0.015164775247091243 0.015164775247091243 0.0002916912427252489
3532.0 0.014800754034878287 0.014800754034878287 0.00028985232751864605
3534.0 0.015405692652282959 0.015405692652282959 0.0002860930064458377
3536.0 0.016256625528840336 0.016256625528840336 0.00029471539797630363
3538.0 0.017828001836800736 0.017828001836800736 0.000320827600403998
3540.0 0.018436283860487835 0.018436283860487835 0.0003608386978292421
3542.0 0.01678635705641188 0.01678635705641188 0.00037397291690788016
3544.0 0.016524986549733556 0.016524986549733556 0.00037110215173805463
3546.0 0.015710422539005685 0.015710422539005685 0.00036442092383646746
3548.0 0.016271737514820132 0.016271737514820132 0.00035124046757748845
3550.0 0.016351747365315108 0.016351747365315108 0.00034274595511504607
3552.0 0.0158572654446505 0.0158572654446505 0.00034586501183519135
3554.0 0.01574654587430304 0.01574654587430304 0.00034568372033768946
3556.0 0.014974957015283782 0.014974957015283782 0.0003409323710407472
3558.0 0.015219836248100214 0.015219836248100214 0.00033026258077028386
3560.0 0.015026676416287027 0.015026676416287027 0.0003204657296150853
3562.0 0.014222767616765393 0.014222767616765393 0.00031094876727341653
3564.0 0.0149232968897073 0.0149232968897073 0.0002952012081597085
3566.0 0.014128212811364874 0.014128212811364874 0.0002875755128274812
3568.0 0.013656770282148756 0.013656770282148756 0.0002729523135436751
3570.0 0.01359745267212893 0.01359745267212893 0.00027140108301951357
3572.0 0.013093262842103716 0.013093262842103716 0.00026247201267206487
3574.0 0.013313923505705795 0.013313923505705795 0.00026342364445406427
3576.0 0.012672535937236678 0.012672535937236678 0.00025978012203515274
3578.0 0.012830006869872308 0.012830006869872308 0.00025285050088882054
3580.0 0.012874181371317288 0.012874181371317288 0.00024479552976771366
3582.0 0.012603550578529158 0.012603550578529158 0.0002408553463505049
3584.0 0.012468840934593954 0.012468840934593954 0.00023500296257624004
3586.0 0.012426212642847658 0.012426212642847658 0.0002321104861662806
3588.0 0.012237430867263567 0.012237430867263567 0.0002318513866237916
3590.0 0.011753187811986393 0.011753187811986393 0.00023894298629543987
3592.0 0.01157220011686951 0.01157220011686951 0.00023985762055020587
3594.0 0.011702036356596496 0.011702036356596496 0.00024102004028442775
3596.0 0.012222094302697207 0.012222094302697207 0.0002383200470479619
3598.0 0.01149570765963592 0.01149570765963592 0.0002382532542921164
3600.0 0.011480082204159945 0.011480082204159945 0.00023499170394023427
3602.0 0.012051006150895284 0.012051006150895284 0.000231725268756152
3604.0 0.012018392929554153 0.012018392929554153 0.00022739145097063762
3606.0 0.011448385681812116 0.011448385681812116 0.00022289198077044274
3608.0 0.011528494569365291 0.011528494569365291 0.00022046661215683529
3610.0 0.011359403167301418 0.011359403167301418 0.00022018949637808575
3612.0 0.010944897940083043 0.010944897940083043 0.00022721582611463602
3614.0 0.0103133963754418 0.0103133963754418 0.0002491672857086325
3616.0 0.010223557858647737 0.010223557858647737 0.00025300295182219414
3618.0 0.01087919007031363 0.01087919007031363 0.00025323057367297784
3620.0 0.011436854130503191 0.011436854130503191 0.0002480847288147768
3622.0 0.011443807246013262 0.011443807246013262 0.0002463578451452474
3624.0 0.011361807972860304 0.011361807972860304 0.00024476335449804534
3626.0 0.01147522551078443 0.01147522551078443 0.00024345402193568804
3628.0 0.011065605260022909 0.011065605260022909 0.0002469258266869497
3630.0 0.010565572554080393 0.010565572554080393 0.00024857686735491524
3632.0 0.010589774317605724 0.010589774317605724 0.00025142246969916786
3634.0 0.01078182099603605 0.01078182099603605 0.000254682372611853
3636.0 0.01129617190114968 0.01129617190114968 0.00025538416560406133
3638.0 0.011306742101487263 0.011306742101487263 0.0002527493768191469
3640.0 0.010904537805102263 0.010904537805102263 0.00024864977629178453
3642.0 0.011322009185121452 0.011322009185121452 0.0002413033761706249
3644.0 0.011338450628382657 0.011338450628382657 0.00023499447042461393
3646.0 0.011171040123617106 0.011171040123617106 0.00022667468963786253
3648.0 0.010650194251646266 0.010650194251646266 0.00022541596121512282
3650.0 0.010424102625927105 0.010424102625927105 0.00022316363392064798
3652.0 0.010227355795314997 0.010227355795314997 0.00022345458689715348
3654.0 0.009900731528417538 0.009900731528417538 0.00022070138068107104
3656.0 0.00996670184829596 0.00996670184829596 0.00022156018881962423
3658.0 0.009274670314230841 0.009274670314230841 0.00022399325105749036
3660.0 0.009568820928580728 0.009568820928580728 0.0002251097695246181
3662.0 0.009415107027250801 0.009415107027250801 0.00022376035589245219
3664.0 0.009459467430367128 0.009459467430367128 0.0002187929272205242
3666.0 0.009572456320974136 0.009572456320974136 0.00021371749376224261
3668.0 0.00981830208286736 0.00981830208286736 0.00020654168626080014
3670.0 0.009291500749916744 0.009291500749916744 0.00020401480908503622
3672.0 0.008816477870099523 0.008816477870099523 0.00020186248972535407
3674.0 0.009096526723942436 0.009096526723942436 0.00020150526568782587
3676.0 0.00875167732144039 0.00875167732144039 0.00019528176606671273
3678.0 0.008906910922689146 0.008906910922689146 0.00018997887021098063
3680.0 0.00890141659009394 0.00890141659009394 0.00018675525586186618
3682.0 0.008126411966049144 0.008126411966049144 0.00018697205028048253
3684.0 0.008010120434656131 0.008010120434656131 0.00018734103678836992
3686.0 0.008528582930663444 0.008528582930663444 0.0001850166782975129
3688.0 0.008270717721900822 0.008270717721900822 0.00018363201943145493
3690.0 0.007978917088517296 0.007978917088517296 0.0001872316563802251
3692.0 0.008205225251528515 0.008205225251528515 0.0001881614426881367
3694.0 0.008444137796196875 0.008444137796196875 0.00018801284253408809
3696.0 0.007642027435634245 0.007642027435634245 0.00019670771205210165
3698.0 0.006863516493821621 0.006863516493821621 0.0002093109365654238
3700.0 0.007511162339867926 0.007511162339867926 0.0002149567016272026
3702.0 0.007952833160602937 0.007952833160602937 0.00021338819290739105
3704.0 0.008687853871323302 0.008687853871323302 0.00020704344921167113
3706.0 0.008653566991057845 0.008653566991057845 0.0002004721020269095
3708.0 0.008548687305278847 0.008548687305278847 0.0001958317224400752
3710.0 0.008183163149359579 0.008183163149359579 0.00019489865799581917
3712.0 0.007841040957320054 0.007841040957320054 0.0001950784208197064
3714.0 0.008323262902703589 0.008323262902703589 0.00019300069218550068
3716.0 0.008481251641873772 0.008481251641873772 0.0001906703792792089
3718.0 0.008366120980361432 0.008366120980361432 0.00018009778909040103
3720.0 0.008189120341569746 0.008189120341569746 0.00017316072820967816
3722.0 0.008159730646807167 0.008159730646807167 0.0001718017074943311
3724.0 0.007554756525724944 0.007554756525724944 0.00018086093972943413
3726.0 0.0069096216712034135 0.0069096216712034135 0.00018558749219985772
3728.0 0.007148677936091286 0.007148677936091286 0.00018932189195270917
3730.0 0.006826798295927024 0.006826798295927024 0.00019465240536177482
3732.0 0.006720459224294197 0.006720459224294197 0.00019882544533678
3734.0 0.007725400269349933 0.007725400269349933 0.00019709923117750314
3736.0 0.007428402935730704 0.007428402935730704 0.00019853273421487983
3738.0 0.007066732065584447 0.007066732065584447 0.00020833670181648955
3740.0 0.007191633857463316 0.007191633857463316 0.00021341942228738405
3742.0 0.008086823963472534 0.008086823963472534 0.0002099874300561828
3744.0 0.008232508508984448 0.008232508508984448 0.00019935035750611433
3746.0 0.00869759097184734 0.00869759097184734 0.00018780284971080352
3748.0 0.007989975864304411 0.007989975864304411 0.00018023827182439642
3750.0 0.0072194830286530015 0.0072194830286530015 0.0001803286152020529
3752.0 0.007099392062752884 0.007099392062752884 0.00018297330382707392
3754.0 0.006949908008910337 0.006949908008910337 0.00018692614599581813
3756.0 0.0074170818308634786 0.0074170818308634786 0.00017942447064314557
3758.0 0.007342539286962733 0.007342539286962733 0.00017484777589920662
3760.0 0.007642829578342459 0.007642829578342459 0.00016759714813608146
3762.0 0.007393267002676468 0.007393267002676468 0.00016773223028336405
3764.0 0.00713362844041634 0.00713362844041634 0.00016415659515554905
3766.0 0.007166478887151346 0.007166478887151346 0.00016141449147780122
3768.0 0.007164200947436233 0.007164200947436233 0.00015955296144461149
3770.0 0.006199236312599873 0.006199236312599873 0.0001643469833607682
3772.0 0.006077945629288353 0.006077945629288353 0.00016986662082470088
3774.0 0.006298917623155566 0.006298917623155566 0.00017166841872372338
3776.0 0.006190012385841483 0.006190012385841483 0.00016994098592160864
3778.0 0.00662974333799614 0.00662974333799614 0.00016772598424323376
3780.0 0.006760711813076716 0.006760711813076716 0.0001654136408179216
3782.0 0.0062238971872505934 0.0062238971872505934 0.00016603377464483694
3784.0 0.0061366215687780395 0.0061366215687780395 0.00016469823030197293
3786.0 0.006722925882422174 0.006722925882422174 0.00016119487362725425
3788.0 0.006469373624233823 0.006469373624233823 0.00015726124571233908
3790.0 0.006115624002168315 0.006115624002168315 0.00016242349937003892
3792.0 0.006134134567970088 0.006134134567970088 0.0001643460529791348
3794.0 0.006413398676122876 0.006413398676122876 0.00016409303772179458
3796.0 0.006879490710273623 0.006879490710273623 0.00015623019301674198
3798.0 0.006696990889605854 0.006696990889605854 0.00015228598427834865
3800.0 0.006162302503128336 0.006162302503128336 0.00015202962797830527
3802.0 0.006006371837547778 0.006006371837547778 0.0001558500143540601
3804.0 0.00613180073975883 0.00613180073975883 0.00015464858190915092
3806.0 0.0060325442889094675 0.0060325442889094675 0.00015185240876614415
3808.0 0.005853827183037575 0.005853827183037575 0.0001511735159048211
3810.0 0.005810209421377253 0.005810209421377253 0.000154803856334032
3812.0 0.0056009794851036646 0.0056009794851036646 0.00015999343116701183
3814.0 0.00549593063947091 0.00549593063947091 0.00016042212182006946
3816.0 0.00600184214290381 0.00600184214290381 0.00016235191455156946
3818.0 0.005825583591440754 0.005825583591440754 0.00015749924865750663
3820.0 0.006231486249374573 0.006231486249374573 0.00015688517135503883
3822.0 0.006022443548320045 0.006022443548320045 0.00015245481970071765
3824.0 0.0060323390728659375 0.0060323390728659375 0.0001511596989560443
3826.0 0.0056567223132352115 0.0056567223132352115 0.00015451549045638328
3828.0 0.004787343512478839 0.004787343512478839 0.0001688872648658702
3830.0 0.0052414249038892375 0.0052414249038892375 0.00017687321917355626
3832.0 0.00596279535685849 0.00596279535685849 0.00017536196624356234
3834.0 0.006549915243430639 0.006549915243430639 0.0001703555361524512
3836.0 0.006467555308355949 0.006467555308355949 0.00016327111839417884
3838.0 0.006230845591925904 0.006230845591925904 0.00015604012065445236
3840.0 0.005552309589415047 0.005552309589415047 0.0001538648008592043
3842.0 0.005465632384878781 0.005465632384878781 0.0001565342490260186
3844.0 0.005349182526787297 0.005349182526787297 0.00015779942851724323
3846.0 0.005653085364273176 0.005653085364273176 0.00015638830215697184
3848.0 0.005656542083373688 0.005656542083373688 0.0001520675960695853
3850.0 0.005537745563495377 0.005537745563495377 0.0001503259951596965
3852.0 0.005670252636838813 0.005670252636838813 0.00014694683694014944
3854.0 0.005660092071630811 0.005660092071630811 0.00014578634769677124
3856.0 0.005535335052758072 0.005535335052758072 0.0001416678090682818
3858.0 0.005780519561849944 0.005780519561849944 0.00013583927653590424
3860.0 0.005363890280554353 0.005363890280554353 0.00013665984634272664
3862.0 0.005075568115623939 0.005075568115623939 0.0001392529219188944
3864.0 0.004870662588207234 0.004870662588207234 0.00014123049198409482
3866.0 0.004818393697946775 0.004818393697946775 0.00013957098021513526
3868.0 0.005335430264271889 0.005335430264271889 0.0001358329607589298
3870.0 0.005235799987384369 0.005235799987384369 0.00013001674858030397
3872.0 0.005003982331635487 0.005003982331635487 0.00012964844075199548
3874.0 0.00479336226004092 0.00479336226004092 0.00013380482273839454
3876.0 0.004855171740110278 0.004855171740110278 0.0001345256913873926
3878.0 0.004968168469369769 0.004968168469369769 0.00013208161960261586
3880.0 0.005077123015512927 0.005077123015512927 0.00012576212678992317
3882.0 0.00521115190282446 0.00521115190282446 0.00012782115805034678
3884.0 0.005160872451481057 0.005160872451481057 0.00012483776559159493
3886.0 0.0051992072783666595 0.0051992072783666595 0.00012501721957446806
3888.0 0.004981498322406876 0.004981498322406876 0.00012182549102233386
3890.0 0.004787666245151291 0.004787666245151291 0.00012496062220716776
3892.0 0.004773001491554555 0.004773001491554555 0.00012745346192329538
3894.0 0.005034318675655133 0.005034318675655133 0.00012886122676263818
3896.0 0.004810743187356072 0.004810743187356072 0.00013021526976058208
3898.0 0.005028711562291862 0.005028711562291862 0.00013107823313373237
3900.0 0.0047531158704015196 0.0047531158704015196 0.0001334078897924209
3902.0 0.004470746501254816 0.004470746501254816 0.0001365454353563307
3904.0 0.004267633128579709 0.004267633128579709 0.00014264641860885314
3906.0 0.004342109897954953 0.004342109897954953 0.00014883815041964754
3908.0 0.004398148975710056 0.004398148975710056 0.00015177206376157704
3910.0 0.004676637212697071 0.004676637212697071 0.00015327710620363606
3912.0 0.004451608977237139 0.004451608977237139 0.00015044370630264397
3914.0 0.004583863542715971 0.004583863542715971 0.0001469521426091086
3916.0 0.004616007974435756 0.004616007974435756 0.00014288345762843597
3918.0 0.00473763971710852 0.00473763971710852 0.0001372512574501968
3920.0 0.0043934588600023266 0.0043934588600023266 0.00013226678342207965
3922.0 0.004196623320411189 0.004196623320411189 0.00012852070302069612
3924.0 0.004634504627447621 0.004634504627447621 0.00012737219951291357
3926.0 0.0043168993298196515 0.0043168993298196515 0.00012555898610426428
3928.0 0.004351767636115519 0.004351767636115519 0.00012104037234041953
3930.0 0.004373481972183392 0.004373481972183392 0.00011755407166766356
3932.0 0.00454200965475951 0.00454200965475951 0.00011354015576743488
3934.0 0.0042542574878087665 0.0042542574878087665 0.00011194242457733925
3936.0 0.004698797587320629 0.004698797587320629 0.00011616372054074807
3938.0 0.004308192984533768 0.004308192984533768 0.00012761313642923924
3940.0 0.0038446640047028005 0.0038446640047028005 0.0001345957333644659
3942.0 0.003824963848365347 0.003824963848365347 0.0001354487128922372
3944.0 0.004158913999342541 0.004158913999342541 0.00013519414728708942
3946.0 0.004152304076484497 0.004152304076484497 0.0001329721914927381
3948.0 0.004028181259776393 0.004028181259776393 0.00013301879074097337
3950.0 0.003931204000048041 0.003931204000048041 0.0001297577572388434
3952.0 0.00415727850758253 0.00415727850758253 0.000128680993224334
3954.0 0.0040812432806037685 0.0040812432806037685 0.00012613128808566457
3956.0 0.004170854351118794 0.004170854351118794 0.00012453551476418202
3958.0 0.004100811990374148 0.004100811990374148 0.00012441146940510777
3960.0 0.003851996456923619 0.003851996456923619 0.00012100880472506647
3962.0 0.0040506823424477836 0.0040506823424477836 0.00011757112174154512
3964.0 0.004150044429687645 0.004150044429687645 0.00011228357929396556
3966.0 0.004416465320888495 0.004416465320888495 0.00010710309002052975
3968.0 0.004593269446910042 0.004593269446910042 0.00010134892791732777
3970.0 0.004395544138938746 0.004395544138938746 0.00010445296431694159
3972.0 0.004136854851724687 0.004136854851724687 0.00011357609664103209
3974.0 0.0037230813419305998 0.0037230813419305998 0.00012019765098190422
3976.0 0.0034800924181126814 0.0034800924181126814 0.00012352373981468453
3978.0 0.003649747590822045 0.003649747590822045 0.00012607291121595585
3980.0 0.0035900778951889318 0.0035900778951889318 0.00012554010328167523
3982.0 0.003592368877109956 0.003592368877109956 0.000125208243608082
3984.0 0.0038589953353201805 0.0038589953353201805 0.00012187968938319336
3986.0 0.0037607634719441564 0.0037607634719441564 0.00012222072307306557
3988.0 0.0036530507867380624 0.0036530507867380624 0.00012187749781851764
3990.0 0.0035071940292773214 0.0035071940292773214 0.0001226676138285044
3992.0 0.003486836840096804 0.003486836840096804 0.00012152352627675951
3994.0 0.0038409005133862345 0.0038409005133862345 0.0001197585571639222
3996.0 0.0036720064921066374 0.0036720064921066374 0.00011833213999125769
3998.0 0.003562829199420066 0.003562829199420066 0.00012003753511935892
4000.0 0.0033937819320537313 0.0033937819320537313 0.00012089659413385113
4002.0 0.0037944840704117345 0.0037944840704117345 0.0001224829308719835
4004.0 0.004030193858640175 0.004030193858640175 0.00012050867082378387
4006.0 0.0035852001951504372 0.0035852001951504372 0.00012493980093939704
4008.0 0.0033487916308037814 0.0033487916308037814 0.0001278485355561577
4010.0 0.0033544894812438174 0.0033544894812438174 0.00013171054508260457
4012.0 0.0031668225637805393 0.0031668225637805393 0.00013016579617126201
4014.0 0.0037108790596583684 0.0037108790596583684 0.00012835379858692158
4016.0 0.0038903525318579814 0.0038903525318579814 0.00012562445155818764
4018.0 0.0036723510860883473 0.0036723510860883473 0.000125567039827853
4020.0 0.003392908984466243 0.003392908984466243 0.00012504666147076862
4022.0 0.0034041275136104804 0.0034041275136104804 0.00012429201969481205
4024.0 0.003470262184356066 0.003470262184356066 0.00012187240231554853
4026.0 0.0033570480155400055 0.0033570480155400055 0.00012156865155375278
4028.0 0.0034595368499030273 0.0034595368499030273 0.0001207927180186414
4030.0 0.003570650607872808 0.003570650607872808 0.00011887142737101893
4032.0 0.00378214079348319 0.00378214079348319 0.00011583490698013542
4034.0 0.0036002129724659808 0.0036002129724659808 0.0001166481588758024
4036.0 0.003256432727054892 0.003256432727054892 0.00011971155278340307
4038.0 0.003616906285707064 0.003616906285707064 0.0001219726923183149
4040.0 0.003409298768876491 0.003409298768876491 0.0001259587220527473
4042.0 0.0033365271499871288 0.0033365271499871288 0.00012838220798293937
4044.0 0.003297854074542095 0.003297854074542095 0.00012924543509946766
4046.0 0.0027521210122900914 0.0027521210122900914 0.00013028323188483916
4048.0 0.002964777690644309 0.002964777690644309 0.00012994530771593185
4050.0 0.0029236007377042962 0.0029236007377042962 0.00012842803916843153
4052.0 0.0033281872268256848 0.0033281872268256848 0.0001228750899122335
4054.0 0.003405901257832022 0.003405901257832022 0.0001194740902117303
4056.0 0.0035954043097650044 0.0035954043097650044 0.00011743637882518202
4058.0 0.0029153454734247375 0.0029153454734247375 0.00011928047164451214
4060.0 0.0033917351770827936 0.0033917351770827936 0.00012236645070427024
4062.0 0.0028168889685199717 0.0028168889685199717 0.00012543277159126812
4064.0 0.0027422175667364494 0.0027422175667364494 0.00012682964667282644
4066.0 0.0024664127677073142 0.0024664127677073142 0.00012800013552848028
4068.0 0.0025407213380202794 0.0025407213380202794 0.00012858976059666274
4070.0 0.0027184060010137304 0.0027184060010137304 0.00012383144853618945
4072.0 0.0032367927914580966 0.0032367927914580966 0.00012192467814236754
4074.0 0.0028014045973040053 0.0028014045973040053 0.0001223289996607165
4076.0 0.0028483294208577698 0.0028483294208577698 0.0001226353070874071
4078.0 0.0028761109055945254 0.0028761109055945254 0.00012263918788804216
4080.0 0.002772685673531399 0.002772685673531399 0.00012239773656548257
4082.0 0.002963344641816552 0.002963344641816552 0.00012108643533550636
4084.0 0.002882201621600988 0.002882201621600988 0.00011910618328407014
4086.0 0.002809300861693076 0.002809300861693076 0.00011834202999599129
4088.0 0.0027633592427216973 0.0027633592427216973 0.00011798887041703573
4090.0 0.002761247377594831 0.002761247377594831 0.00011628534963807605
4092.0 0.0027501536934826497 0.0027501536934826497 0.00011457702239834072
4094.0 0.0029175593508008702 0.0029175593508008702 0.0001128513154488257
4096.0 0.0030148444623602265 0.0030148444623602265 0.00011218753090574392
4098.0 0.00289019096172115 0.00289019096172115 0.00011065152731070565
4100.0 0.003055683428994828 0.003055683428994828 0.00010788025449515678
4102.0 0.0031976375536812633 0.0031976375536812633 0.00010547532247093513
4104.0 0.00340012831547542 0.00340012831547542 0.00010593193756075608
4106.0 0.003095995945634193 0.003095995945634193 0.00010852023818582395
4108.0 0.0028530966005962913 0.0028530966005962913 0.0001093217364377246
4110.0 0.0029411001192059393 0.0029411001192059393 0.00010861249008611294
4112.0 0.002976597036199428 0.002976597036199428 0.00010848106014609301
4114.0 0.00274780471969027 0.00274780471969027 0.00011002999271799762
4116.0 0.002984145900794376 0.002984145900794376 0.00010916862154267172
4118.0 0.0029431191839211614 0.0029431191839211614 0.00010865053211227724
4120.0 0.0032533451538229573 0.0032533451538229573 0.00010926138776153898
4122.0 0.002804981860074146 0.002804981860074146 0.00011213451991364266
4124.0 0.0028208833630065733 0.0028208833630065733 0.00011339939580577452
4126.0 0.0027524104671342807 0.0027524104671342807 0.00011361131933980472
4128.0 0.0027786554457360684 0.0027786554457360684 0.00011250974320874837
4130.0 0.0029260949190646917 0.0029260949190646917 0.00011152487700118516
4132.0 0.0031003291165060754 0.0031003291165060754 0.00011112501187998218
4134.0 0.003057784518605601 0.003057784518605601 0.00011258150317996858
4136.0 0.0025437562975340147 0.0025437562975340147 0.00011362406808258096
4138.0 0.002454711010602773 0.002454711010602773 0.00011403021534426798
4140.0 0.002784744358689087 0.002784744358689087 0.00011036379822297697
4142.0 0.0030608085609526987 0.0030608085609526987 0.00010680756490197731
4144.0 0.002850349538195594 0.002850349538195594 0.00010655512095723738
4146.0 0.0031340622341186407 0.0031340622341186407 0.00010692930268403393
4148.0 0.003175533284006757 0.003175533284006757 0.00010682636958247289
4150.0 0.003231428949652198 0.003231428949652198 0.00010508641239745736
4152.0 0.0031518344559796985 0.0031518344559796985 0.00010730899571078819
4154.0 0.002740428911317709 0.002740428911317709 0.00011140900009072775
4156.0 0.0026988036157591664 0.0026988036157591664 0.0001130493219805027
4158.0 0.003026353313818795 0.003026353313818795 0.0001148291628031147
4160.0 0.0031050487701128264 0.0031050487701128264 0.00011497882500169236
4162.0 0.002994255864829997 0.002994255864829997 0.00011782285554947728
4164.0 0.0025418355181649074 0.0025418355181649074 0.00012052102186934754
4166.0 0.0025949361378999353 0.0025949361378999353 0.00012131986739583679
4168.0 0.002299783322435112 0.002299783322435112 0.00012145245164433288
4170.0 0.0022890148067411845 0.0022890148067411845 0.0001199385466279946
4172.0 0.002398976771296928 0.002398976771296928 0.00011764325486397745
4174.0 0.0026357695499113947 0.0026357695499113947 0.00011474038590439915
4176.0 0.002689358301193709 0.002689358301193709 0.0001139588997742237
4178.0 0.0028149345324132964 0.0028149345324132964 0.00011354551509531339
4180.0 0.0025924191348023658 0.0025924191348023658 0.00011140926818090773
4182.0 0.0025348004232473406 0.0025348004232473406 0.00010981485003828995
4184.0 0.002645418120160999 0.002645418120160999 0.00010797162209050373
4186.0 0.0031326245169816832 0.0031326245169816832 0.00010567575339148188
4188.0 0.00282611676733833 0.00282611676733833 0.0001059621068636588
4190.0 0.0028465012303087035 0.0028465012303087035 0.00010619068273278458
4192.0 0.002598436099286442 0.002598436099286442 0.00010741224793801893
4194.0 0.0024083402276530615 0.0024083402276530615 0.00010576652417575199
4196.0 0.0028471680689714273 0.0028471680689714273 0.0001028298532626164
4198.0 0.002858048573768538 0.002858048573768538 0.0001008930002460754
4200.0 0.0029367222789089807 0.0029367222789089807 0.00010013828149328083
4202.0 0.0031256469692951014 0.0031256469692951014 0.00010110262022299149
4204.0 0.0029726615582500917 0.0029726615582500917 0.00010152209192568796
4206.0 0.002559074811128418 0.002559074811128418 0.00010464475892783268
4208.0 0.0026819199757524112 0.0026819199757524112 0.0001050032113989903
4210.0 0.002681659246916345 0.002681659246916345 0.00010425972125942159
4212.0 0.002984774061922643 0.002984774061922643 0.00010248455091376055
4214.0 0.0028216036383684677 0.0028216036383684677 0.00010174582680689404
4216.0 0.0027433074720142774 0.0027433074720142774 0.00010130850405486194
4218.0 0.002672605258812616 0.002672605258812616 0.00010075783699946716
4220.0 0.002568002083204661 0.002568002083204661 0.00010108914368118622
4222.0 0.0025472106144977364 0.0025472106144977364 0.00010090696329303052
4224.0 0.0026619704985242575 0.0026619704985242575 9.792576670077727e-05
4226.0 0.0031738956976918656 0.0031738956976918656 9.535926579709002e-05
4228.0 0.0031071620612785717 0.0031071620612785717 9.632919011989513e-05
4230.0 0.002772964542775694 0.002772964542775694 9.951765883546098e-05
4232.0 0.0027978058172044968 0.0027978058172044968 9.997402855510831e-05
4234.0 0.0026065455048582763 0.0026065455048582763 9.863634764784501e-05
4236.0 0.0026601240881926214 0.0026601240881926214 9.803255823477794e-05
4238.0 0.0027198135357529283 0.0027198135357529283 9.72270394146343e-05
4240.0 0.0028805799891613204 0.0028805799891613204 9.720722058566701e-05
4242.0 0.0030757751345086284 0.0030757751345086284 9.787543647090265e-05
4244.0 0.002879220429453413 0.002879220429453413 0.00010145113638421511
4246.0 0.002633935684551819 0.002633935684551819 0.0001027926492957507
4248.0 0.0027665960641320634 0.0027665960641320634 0.0001026056145735517
4250.0 0.0025394714270803574 0.0025394714270803574 0.00010276992141041363
4252.0 0.002824459879838133 0.002824459879838133 0.00010146288582946008
4254.0 0.0029013213159295253 0.0029013213159295253 0.00010247932693134649
4256.0 0.002528785207359912 0.002528785207359912 0.00010235015775183856
4258.0 0.0025976497141988776 0.0025976497141988776 0.00010058518642714388
4260.0 0.0028818504898875177 0.0028818504898875177 9.876178969613934e-05
4262.0 0.00288975204627413 0.00288975204627413 9.84162781027882e-05
4264.0 0.002684912958412373 0.002684912958412373 0.00010090107565777207
4266.0 0.002514100669645076 0.002514100669645076 0.00010159508857024744
4268.0 0.0026361053981078116 0.0026361053981078116 0.00010103384259775324
4270.0 0.0026722415621353484 0.0026722415621353484 9.813675347157041e-05
4272.0 0.0029164938492713312 0.0029164938492713312 9.646697586257625e-05
4274.0 0.002942619515365574 0.002942619515365574 9.712124836234693e-05
4276.0 0.002840612970334359 0.002840612970334359 9.958499105531198e-05
4278.0 0.002567882397641701 0.002567882397641701 9.95543397852026e-05
4280.0 0.0025803686195310046 0.0025803686195310046 9.848395885932317e-05
4282.0 0.0027463469836729046 0.0027463469836729046 9.815520489948715e-05
4284.0 0.0026294819648525303 0.0026294819648525303 9.767893576625604e-05
4286.0 0.002567892751216854 0.002567892751216854 9.731234845011295e-05
4288.0 0.002813948751641617 0.002813948751641617 9.425256262178353e-05
4290.0 0.0029322389008432153 0.0029322389008432153 9.561428138196188e-05
4292.0 0.0026180459721104714 0.0026180459721104714 9.630200337257872e-05
4294.0 0.0025418471577697286 0.0025418471577697286 9.875015039744259e-05
4296.0 0.0024416755372437394 0.0024416755372437394 9.726351599799709e-05
4298.0 0.0024648296304771128 0.0024648296304771128 9.440321176184539e-05
4300.0 0.002804422998070359 0.002804422998070359 9.202199267352546e-05
4302.0 0.0029795351227129797 0.0029795351227129797 9.074028819155512e-05
4304.0 0.0030272628931574874 0.0030272628931574874 9.217981723331551e-05
4306.0 0.0027350106634629924 0.0027350106634629924 9.261436293505621e-05
4308.0 0.002651985183209282 0.002651985183209282 9.31582846246056e-05
4310.0 0.002984479890940268 0.002984479890940268 9.399741889756586e-05
4312.0 0.002914997323566875 0.002914997323566875 9.749458897609536e-05
4314.0 0.002736186634273204 0.002736186634273204 0.00010095518636955214
4316.0 0.0025325841021773933 0.0025325841021773933 0.00010354869905533974
4318.0 0.0024632494215115377 0.0024632494215115377 0.00010362860286353548
4320.0 0.002144952743466313 0.002144952743466313 0.00010218532819636018
4322.0 0.0025306871168999366 0.0025306871168999366 9.781611034769974e-05
4324.0 0.0027139213720403753 0.0027139213720403753 9.345910349000772e-05
4326.0 0.002827439928794529 0.002827439928794529 9.286772713760084e-05
4328.0 0.002803912954498678 0.002803912954498678 9.520230591301501e-05
4330.0 0.002635253004324452 0.002635253004324452 9.597322762636478e-05
4332.0 0.00243203677503568 0.00243203677503568 9.58948028227885e-05
4334.0 0.002498344735075957 0.002498344735075957 9.602606413356787e-05
4336.0 0.0026553577170429317 0.0026553577170429317 9.483370810678982e-05
4338.0 0.002927589347806602 0.002927589347806602 9.213174152144043e-05
4340.0 0.003049034202191162 0.003049034202191162 9.054901516476761e-05
4342.0 0.0031277459039893317 0.0031277459039893317 9.193964299761306e-05
4344.0 0.0029823274164633 0.0029823274164633 9.490369148101612e-05
4346.0 0.002884195174448819 0.002884195174448819 9.616921971451127e-05
4348.0 0.002691390908120327 0.002691390908120327 9.742330311146943e-05
4350.0 0.0027841507315552547 0.0027841507315552547 9.55507116651033e-05
4352.0 0.003009216500029126 0.003009216500029126 9.4627856105783e-05
4354.0 0.0034193654368402395 0.0034193654368402395 9.560455941768157e-05
4356.0 0.003191186570155964 0.003191186570155964 0.00010442617558346624
4358.0 0.0028814382130156733 0.0028814382130156733 0.00010771093169725103
4360.0 0.003137304993933261 0.003137304993933261 0.00010852889271806274
4362.0 0.00287799319926584 0.00287799319926584 0.00010299794712056206
4364.0 0.003130964158155837 0.003130964158155837 9.845184970612448e-05
4366.0 0.0031466495247546664 0.0031466495247546664 9.618649505278908e-05
4368.0 0.0028789317597754057 0.0028789317597754057 9.538009999374024e-05
4370.0 0.003043801403280949 0.003043801403280949 9.467566028052665e-05
4372.0 0.0029036175608405917 0.0029036175608405917 9.435303601729838e-05
4374.0 0.003033367423859278 0.003033367423859278 9.544260161515105e-05
4376.0 0.002843857392664182 0.002843857392664182 9.72048656130251e-05
4378.0 0.0027396384286742705 0.0027396384286742705 9.760129023675771e-05
4380.0 0.002508661105966266 0.002508661105966266 9.76208111216149e-05
4382.0 0.002654486962508144 0.002654486962508144 9.340297607017392e-05
4384.0 0.0027825452939252457 0.0027825452939252457 9.205569595542706e-05
4386.0 0.002658907761216079 0.002658907761216079 9.183981889014643e-05
4388.0 0.002807537034178955 0.002807537034178955 9.411987190453342e-05
4390.0 0.002719844101603738 0.002719844101603738 9.349394499994457e-05
4392.0 0.002585079892264265 0.002585079892264265 9.401082337578631e-05
4394.0 0.0025872516606147713 0.0025872516606147713 9.46470439196519e-05
4396.0 0.002636460416916473 0.002636460416916473 9.530896774208547e-05
4398.0 0.0027517499801573034 0.0027517499801573034 9.554176940519979e-05
4400.0 0.002802982176599319 0.002802982176599319 9.763761494362879e-05
4402.0 0.0026245530887712295 0.0026245530887712295 9.886390310027606e-05
4404.0 0.0028031064396385787 0.0028031064396385787 0.00010124439340879177
4406.0 0.0025756967141291488 0.0025756967141291488 0.00010235768792766038
4408.0 0.002509560939550674 0.002509560939550674 0.00010400280236483332
4410.0 0.002275038444085342 0.002275038444085342 0.000105222292979758
4412.0 0.002104626285150472 0.002104626285150472 0.00010570432773559183
4414.0 0.002167213109606221 0.002167213109606221 0.00010471040841495559
4416.0 0.0020987809446867773 0.0020987809446867773 0.0001034957564752664
4418.0 0.002581002709540034 0.002581002709540034 0.00010416377172700841
4420.0 0.0022434052904072776 0.0022434052904072776 0.00010517241622986672
4422.0 0.0023757636115135246 0.0023757636115135246 0.00010400488111532331
4424.0 0.0021637931545300674 0.0021637931545300674 0.00010309387059141501
4426.0 0.002210165572128211 0.002210165572128211 0.00010253270054849022
4428.0 0.0022519169026812094 0.0022519169026812094 0.000102415702365587
4430.0 0.0023173148695063953 0.0023173148695063953 0.00010107990004809943
4432.0 0.002036231248863477 0.002036231248863477 0.00010019888250982981
4434.0 0.002427356178335103 0.002427356178335103 9.82997673917178e-05
4436.0 0.002403895829310214 0.002403895829310214 9.849378134121004e-05
4438.0 0.0021949534080334 0.0021949534080334 0.00010066794539616588
4440.0 0.0020295677465116103 0.0020295677465116103 0.00010124411798533267
4442.0 0.0021642051745856517 0.0021642051745856517 9.913237158588648e-05
4444.0 0.00216021981973056 0.00216021981973056 9.876239062476275e-05
4446.0 0.0023031809080126054 0.0023031809080126054 9.926696151852868e-05
4448.0 0.002065174687344339 0.002065174687344339 9.9529645624467e-05
4450.0 0.0018987279929779525 0.0018987279929779525 9.812293684345117e-05
4452.0 0.0022131388656983705 0.0022131388656983705 9.729709651860886e-05
4454.0 0.0021309455217241695 0.0021309455217241695 9.556648932117132e-05
4456.0 0.0023393922220087847 0.0023393922220087847 9.420295164013023e-05
4458.0 0.0024135368303229835 0.0024135368303229835 9.416988418682404e-05
4460.0 0.0023751140827816533 0.0023751140827816533 9.418915551985131e-05
4462.0 0.002212188085206982 0.002212188085206982 9.44386902120709e-05
4464.0 0.002239934776951473 0.002239934776951473 9.472745119727201e-05
4466.0 0.002264136445255366 0.002264136445255366 9.605233694612849e-05
4468.0 0.0022113561473187542 0.0022113561473187542 9.484422745406474e-05
4470.0 0.0023326856629039016 0.0023326856629039016 9.422586548973984e-05
4472.0 0.002474045020723861 0.002474045020723861 9.45087494518788e-05
4474.0 0.002479335640353415 0.002479335640353415 9.61016100902017e-05
4476.0 0.0021870152345212827 0.0021870152345212827 9.69056450722556e-05
4478.0 0.0020398738900134425 0.0020398738900134425 9.612294250353938e-05
4480.0 0.0023858367597662873 0.0023858367597662873 9.396085064616854e-05
4482.0 0.002505897595364232 0.002505897595364232 9.362160903521446e-05
4484.0 0.0024968082973623905 0.0024968082973623905 9.569732094184975e-05
4486.0 0.00227459904781416 0.00227459904781416 9.710964081645625e-05
4488.0 0.002321808991602604 0.002321808991602604 9.618484927727555e-05
4490.0 0.0023393952879039817 0.0023393952879039817 9.483506633999355e-05
4492.0 0.002597161639974001 0.002597161639974001 9.489369877038728e-05
4494.0 0.002449784060434246 0.002449784060434246 9.5927337817419e-05
4496.0 0.0024514783612315473 0.0024514783612315473 9.57365979215637e-05
4498.0 0.002441506965423077 0.002441506965423077 9.545363288631221e-05
4500.0 0.0025785424963355283 0.0025785424963355283 9.500204123746296e-05
4502.0 0.0024732559116227154 0.0024732559116227154 9.434017385184704e-05
4504.0 0.002341566249116688 0.002341566249116688 9.411096550797592e-05
4506.0 0.0023837153849151664 0.0023837153849151664 9.480931773588966e-05
4508.0 0.0022792453239456607 0.0022792453239456607 9.418616006979056e-05
4510.0 0.0022652139584419142 0.0022652139584419142 9.369653278137133e-05
4512.0 0.0022937332580484546 0.0022937332580484546 9.253271446830941e-05
4514.0 0.0023283957132299946 0.0023283957132299946 9.161608948939215e-05
4516.0 0.0022990411912852437 0.0022990411912852437 8.989883292804404e-05
4518.0 0.002559144044659962 0.002559144044659962 8.842988814898084e-05
4520.0 0.0026265691984097036 0.0026265691984097036 8.893706611297196e-05
4522.0 0.002564502262029934 0.002564502262029934 8.893868437270913e-05
4524.0 0.0023710510193254894 0.0023710510193254894 8.845572778917073e-05
4526.0 0.002527600861421375 0.002527600861421375 8.917712844447555e-05
4528.0 0.0026385879367618378 0.0026385879367618378 9.073657305177387e-05
4530.0 0.0025745495898135073 0.0025745495898135073 9.309206505514655e-05
4532.0 0.002266218912362187 0.002266218912362187 9.50912286701146e-05
4534.0 0.0022145875700055185 0.0022145875700055185 9.573479194519152e-05
4536.0 0.0020428759032084074 0.0020428759032084074 9.665665304663995e-05
4538.0 0.0023494439677442538 0.0023494439677442538 9.812044453911876e-05
4540.0 0.002380129226847184 0.002380129226847184 9.796889493613783e-05
4542.0 0.002313642401705474 0.002313642401705474 9.80053166304725e-05
4544.0 0.002318605745622384 0.002318605745622384 9.813173681945819e-05
4546.0 0.0021411301206343968 0.0021411301206343968 9.853805657476776e-05
4548.0 0.002155512066037257 0.002155512066037257 9.630314201653802e-05
4550.0 0.00231981034607434 0.00231981034607434 9.58461187902878e-05
4552.0 0.0022894129473853553 0.0022894129473853553 9.4965634435618e-05
4554.0 0.0023225559800234994 0.0023225559800234994 9.47981893168571e-05
4556.0 0.002455741971900511 0.002455741971900511 9.391952171500219e-05
4558.0 0.0023140830515323003 0.0023140830515323003 9.36794407555282e-05
4560.0 0.002086015870124178 0.002086015870124178 9.441420758879553e-05
4562.0 0.002142610857583808 0.002142610857583808 9.355567277263485e-05
4564.0 0.0022596846508342876 0.0022596846508342876 9.197399857505837e-05
4566.0 0.0023036921159909625 0.0023036921159909625 9.150217463970175e-05
4568.0 0.0024004729752965578 0.0024004729752965578 9.237411533852113e-05
4570.0 0.002321034870883672 0.002321034870883672 9.214852874763301e-05
4572.0 0.002237725253094969 0.002237725253094969 9.163586475697296e-05
4574.0 0.0023470129827792598 0.0023470129827792598 9.12345771697778e-05
4576.0 0.0024016602960434262 0.0024016602960434262 9.270096168888718e-05
4578.0 0.002326337820939065 0.002326337820939065 9.327270260919933e-05
4580.0 0.0023583304564468756 0.0023583304564468756 9.391235912284927e-05
4582.0 0.002120981054849282 0.002120981054849282 9.339752934767342e-05
4584.0 0.002249414500768137 0.002249414500768137 9.282179643715974e-05
4586.0 0.0022904309998994315 0.0022904309998994315 9.195938813775115e-05
4588.0 0.0022716255509622 0.0022716255509622 9.223116104214588e-05
4590.0 0.0020564822141661146 0.0020564822141661146 9.19629825117305e-05
4592.0 0.002108248616643273 0.002108248616643273 9.108409303823994e-05
4594.0 0.002074292294075247 0.002074292294075247 8.93155642121007e-05
4596.0 0.0024270354949337707 0.0024270354949337707 8.963449082299152e-05
4598.0 0.002450645037410329 0.002450645037410329 8.926192569578624e-05
4600.0 0.002388258917593398 0.002388258917593398 8.888072490047469e-05
4602.0 0.002223607756160026 0.002223607756160026 8.857089946495025e-05
4604.0 0.0024608696552767613 0.0024608696552767613 8.834614057432477e-05
4606.0 0.0026444186670553527 0.0026444186670553527 8.858784480916401e-05
4608.0 0.0023654498774930803 0.0023654498774930803 8.96720241643952e-05
4610.0 0.002375402730033142 0.002375402730033142 8.972383487303492e-05
4612.0 0.0022071500573410474 0.0022071500573410474 8.967988051590728e-05
4614.0 0.0021560560667512477 0.0021560560667512477 8.852351469784003e-05
4616.0 0.002316999277039623 0.002316999277039623 8.872863407397274e-05
4618.0 0.0023483276093085007 0.0023483276093085007 8.800356727989032e-05
4620.0 0.002250290010505276 0.002250290010505276 8.839749339534634e-05
4622.0 0.0023815333446002987 0.0023815333446002987 8.797071743941026e-05
4624.0 0.0021998517971334427 0.0021998517971334427 8.871689408520397e-05
4626.0 0.002279128118355855 0.002279128118355855 8.863306873875025e-05
4628.0 0.0023190009583509146 0.0023190009583509146 8.823476223754048e-05
4630.0 0.0024133386892837 0.0024133386892837 8.787084415557862e-05
4632.0 0.0022181105434120915 0.0022181105434120915 8.7257555983398e-05
4634.0 0.00228156628278704 0.00228156628278704 8.71844041230121e-05
4636.0 0.002161924190826441 0.002161924190826441 8.621016210502784e-05
4638.0 0.0023444564069283213 0.0023444564069283213 8.62132637997682e-05
4640.0 0.002267503192470626 0.002267503192470626 8.632084974004227e-05
4642.0 0.0022631624301839956 0.0022631624301839956 8.647557895056273e-05
4644.0 0.002085822383812193 0.002085822383812193 8.642247645272107e-05
4646.0 0.0022584289038031107 0.0022584289038031107 8.47583229742012e-05
4648.0 0.002436662004301279 0.002436662004301279 8.470495518250658e-05
4650.0 0.0024482684447864455 0.0024482684447864455 8.52602683400956e-05
4652.0 0.0024258160904044677 0.0024258160904044677 8.615563716952232e-05
4654.0 0.0026135402268050415 0.0026135402268050415 8.648865823368279e-05
4656.0 0.0027734781469500873 0.0027734781469500873 8.775549104861997e-05
4658.0 0.002690294326161346 0.002690294326161346 9.044721380293127e-05
4660.0 0.0021249958533144414 0.0021249958533144414 9.174579357419174e-05
4662.0 0.0018559683598465054 0.0018559683598465054 9.160523678111479e-05
4664.0 0.001816093627107427 0.001816093627107427 9.007253304667524e-05
4666.0 0.002291760595880491 0.002291760595880491 8.744799209678113e-05
4668.0 0.002541727569117113 0.002541727569117113 8.726744753185279e-05
4670.0 0.0025653386610374382 0.0025653386610374382 8.832025022959388e-05
4672.0 0.002547940457274104 0.002547940457274104 8.967615616311747e-05
4674.0 0.002158076297969997 0.002158076297969997 9.018378282077321e-05
4676.0 0.0020782695431607393 0.0020782695431607393 9.02267246967062e-05
4678.0 0.002113166113031968 0.002113166113031968 8.90926431864128e-05
4680.0 0.002386034640025839 0.002386034640025839 8.807688148869842e-05
4682.0 0.0023655123318402625 0.0023655123318402625 8.830562498759102e-05
4684.0 0.002103159526848226 0.002103159526848226 8.882701116706568e-05
4686.0 0.0019861129113728743 0.0019861129113728743 8.881661579207418e-05
4688.0 0.0022114996712413117 0.0022114996712413117 8.813328044534131e-05
4690.0 0.0022969482699069003 0.0022969482699069003 8.737881682124172e-05
4692.0 0.0021899545067889485 0.0021899545067889485 8.721250511466174e-05
4694.0 0.0022464519476920164 0.0022464519476920164 8.74913506769242e-05
4696.0 0.002255780695908578 0.002255780695908578 8.7289495236947e-05
4698.0 0.0020674335444080334 0.0020674335444080334 8.608429019271575e-05
4700.0 0.0021689524287500056 0.0021689524287500056 8.553106319977856e-05
4702.0 0.0023700230927465745 0.0023700230927465745 8.501031976155457e-05
4704.0 0.0023326357132470825 0.0023326357132470825 8.566955204888791e-05
4706.0 0.0023134562287449364 0.0023134562287449364 8.625890311482664e-05
4708.0 0.002204742212690834 0.002204742212690834 8.709235874755555e-05
4710.0 0.0020235658152198918 0.0020235658152198918 8.710744305156282e-05
4712.0 0.001898066058413731 0.001898066058413731 8.705337709297168e-05
4714.0 0.0021965458900454447 0.0021965458900454447 8.648668418432214e-05
4716.0 0.002375951954477162 0.002375951954477162 8.651654951972104e-05
4718.0 0.0019752059776948746 0.0019752059776948746 8.714111664754775e-05
4720.0 0.0021453714562626918 0.0021453714562626918 8.67724153578798e-05
4722.0 0.0023380173024361113 0.0023380173024361113 8.656967928304757e-05
4724.0 0.00224539170277119 0.00224539170277119 8.67416378330437e-05
4726.0 0.002470897864159282 0.002470897864159282 8.639154615019117e-05
4728.0 0.002346899449199149 0.002346899449199149 8.577349380540535e-05
4730.0 0.0024627720126102286 0.0024627720126102286 8.496439156647515e-05
4732.0 0.002225941492799716 0.002225941492799716 8.551778560072624e-05
4734.0 0.002291119275738905 0.002291119275738905 8.528292055954735e-05
4736.0 0.0023907861458197562 0.0023907861458197562 8.62791905373074e-05
4738.0 0.002232625569291497 0.002232625569291497 8.615535010723047e-05
4740.0 0.0020886984814180343 0.0020886984814180343 8.659590030243366e-05
4742.0 0.0017916500859240178 0.0017916500859240178 8.7074444664963e-05
4744.0 0.0020703613774918053 0.0020703613774918053 8.656010458907091e-05
4746.0 0.001992411051423245 0.001992411051423245 8.61938192708624e-05
4748.0 0.002013422362253963 0.002013422362253963 8.495159110452742e-05
4750.0 0.0020883218352696635 0.0020883218352696635 8.443543467994578e-05
4752.0 0.002212119959573666 0.002212119959573666 8.435653135248235e-05
4754.0 0.002304001354417356 0.002304001354417356 8.36881025552799e-05
4756.0 0.002342871018614461 0.002342871018614461 8.378796125973933e-05
4758.0 0.0022475474993454854 0.0022475474993454854 8.394264236297948e-05
4760.0 0.0021946811443924064 0.0021946811443924064 8.389023924677568e-05
4762.0 0.0019947173888342617 0.0019947173888342617 8.35132774779556e-05
4764.0 0.0021739865550853346 0.0021739865550853346 8.232852840924547e-05
4766.0 0.002180777483618691 0.002180777483618691 8.244968240872306e-05
4768.0 0.002197930371444568 0.002197930371444568 8.293263099605202e-05
4770.0 0.0023228245982082076 0.0023228245982082076 8.275655341002734e-05
4772.0 0.0021670523702967195 0.0021670523702967195 8.31728708332513e-05
4774.0 0.002396511354232128 0.002396511354232128 8.338019736738611e-05
4776.0 0.0022499347640485817 0.0022499347640485817 8.439938365227765e-05
4778.0 0.0022023988130649963 0.0022023988130649963 8.446770324064163e-05
4780.0 0.0020043688249898888 0.0020043688249898888 8.464541643384998e-05
4782.0 0.0022040920354457374 0.0022040920354457374 8.378168173897852e-05
4784.0 0.0023760064005258876 0.0023760064005258876 8.357250524016324e-05
4786.0 0.0021502963564402656 0.0021502963564402656 8.330819454025138e-05
4788.0 0.0023197103597511065 0.0023197103597511065 8.314556765105219e-05
4790.0 0.002324236418398275 0.002324236418398275 8.368756111900516e-05
4792.0 0.0023477315103897062 0.0023477315103897062 8.409705940252915e-05
4794.0 0.002228948827505553 0.002228948827505553 8.487770916074946e-05
4796.0 0.0020767860511165465 0.0020767860511165465 8.4934086509141e-05
4798.0 0.002040071216981023 0.002040071216981023 8.421747431059609e-05
4800.0 0.0021207940284277468 0.0021207940284277468 8.395093215326704e-05
4802.0 0.002144732415147662 0.002144732415147662 8.415574813517544e-05
4804.0 0.0021116931328232402 0.0021116931328232402 8.460423307011576e-05
4806.0 0.0021016927918444954 0.0021016927918444954 8.4304956189505e-05
4808.0 0.0021771049560221196 0.0021771049560221196 8.378395582064334e-05
4810.0 0.0023458973284504413 0.0023458973284504413 8.414583935531423e-05
4812.0 0.00248698059458892 0.00248698059458892 8.47005051956019e-05
4814.0 0.0027103780900771734 0.0027103780900771734 8.631555675374585e-05
4816.0 0.002568316333242058 0.002568316333242058 8.786120391283137e-05
4818.0 0.002385845643393407 0.002385845643393407 8.948293665838632e-05
4820.0 0.0020420321438548474 0.0020420321438548474 9.01199480070379e-05
4822.0 0.0020387299030422915 0.0020387299030422915 8.950652086557426e-05
4824.0 0.0020383526344249707 0.0020383526344249707 8.88611361391401e-05
4826.0 0.002265746294870002 0.002265746294870002 8.847336136942166e-05
4828.0 0.0021782798447835877 0.0021782798447835877 8.888542273872056e-05
4830.0 0.0022212871719393336 0.0022212871719393336 8.905922022333728e-05
4832.0 0.002204132778190243 0.002204132778190243 8.957977490906075e-05
4834.0 0.0025586963423661745 0.0025586963423661745 8.978534274116583e-05
4836.0 0.002306388309820468 0.002306388309820468 9.013111776884922e-05
4838.0 0.001970602871920443 0.001970602871920443 8.950124005117499e-05
4840.0 0.0019403495861939684 0.0019403495861939684 8.885297847581988e-05
4842.0 0.0019001608300146505 0.0019001608300146505 8.805740735283925e-05
4844.0 0.002037124006897786 0.002037124006897786 8.79441398334554e-05
4846.0 0.0017114389707507968 0.0017114389707507968 8.750270360772451e-05
4848.0 0.0017828361400244901 0.0017828361400244901 8.655941165267982e-05
4850.0 0.0018448296870860932 0.0018448296870860932 8.580996210694274e-05
4852.0 0.0019215346547922386 0.0019215346547922386 8.542711600500745e-05
4854.0 0.00186640795638498 0.00186640795638498 8.414506053053963e-05
4856.0 0.0019315666052028648 0.0019315666052028648 8.29604331696741e-05
4858.0 0.002409938340364392 0.002409938340364392 8.286589127588999e-05
4860.0 0.0020648637469561286 0.0020648637469561286 8.318237330691282e-05
4862.0 0.001994734083756005 0.001994734083756005 8.292848523070088e-05
4864.0 0.0021533916372774775 0.0021533916372774775 8.37417680056882e-05
4866.0 0.002209001709673882 0.002209001709673882 8.337709014407188e-05
4868.0 0.0020778224443027 0.0020778224443027 8.403299308892771e-05
4870.0 0.0020703074974848996 0.0020703074974848996 8.288901020436815e-05
4872.0 0.0021958274316019287 0.0021958274316019287 8.216136296125258e-05
4874.0 0.002353920103772781 0.002353920103772781 8.210175949754013e-05
4876.0 0.0024476533592504113 0.0024476533592504113 8.329269400275343e-05
4878.0 0.00233132742011454 0.00233132742011454 8.504601584290874e-05
4880.0 0.0020780561919516638 0.0020780561919516638 8.61510349023805e-05
4882.0 0.0018817715403252984 0.0018817715403252984 8.664130305227232e-05
4884.0 0.0019252849585804257 0.0019252849585804257 8.567093949400418e-05
4886.0 0.002141041162895407 0.002141041162895407 8.542946551198395e-05
4888.0 0.0021778978645095428 0.0021778978645095428 8.470000637181139e-05
4890.0 0.0020938225681712526 0.0020938225681712526 8.476564246825686e-05
4892.0 0.0022330613108702537 0.0022330613108702537 8.497353173468791e-05
4894.0 0.002089080734535592 0.002089080734535592 8.57447078723571e-05
4896.0 0.0018757481649927293 0.0018757481649927293 8.570285705312246e-05
4898.0 0.00200378099843043 0.00200378099843043 8.493949658718963e-05
4900.0 0.0020979948753957222 0.0020979948753957222 8.397856987291135e-05
4902.0 0.0023620588569175506 0.0023620588569175506 8.348667489999146e-05
4904.0 0.0021208640645272903 0.0021208640645272903 8.525339537236232e-05
4906.0 0.0020284376295484135 0.0020284376295484135 8.527942634377437e-05
4908.0 0.00198912294179938 0.00198912294179938 8.472338808788475e-05
4910.0 0.002120257462438587 0.002120257462438587 8.333522418460663e-05
4912.0 0.0023374197819279194 0.0023374197819279194 8.345203570432472e-05
4914.0 0.0020327055422493683 0.0020327055422493683 8.416238545274043e-05
4916.0 0.0018141628190976086 0.0018141628190976086 8.358044763797805e-05
4918.0 0.0021102282148921397 0.0021102282148921397 8.143302191625316e-05
4920.0 0.0023676603689637295 0.0023676603689637295 8.053167410746481e-05
4922.0 0.002282165530836378 0.002282165530836378 8.205860789759797e-05
4924.0 0.002099130321606556 0.002099130321606556 8.39779732668501e-05
4926.0 0.002132148769571125 0.002132148769571125 8.382909868360609e-05
4928.0 0.0020942547546584527 0.0020942547546584527 8.384531752769021e-05
4930.0 0.0018618460657924836 0.0018618460657924836 8.383910146118374e-05
4932.0 0.002246724405676124 0.002246724405676124 8.323297371554014e-05
4934.0 0.002262391390976586 0.002262391390976586 8.380270472992942e-05
4936.0 0.0019336442616073742 0.0019336442616073742 8.405895457180506e-05
4938.0 0.002271596441161257 0.002271596441161257 8.400545343405713e-05
4940.0 0.002169592131014398 0.002169592131014398 8.371502386845658e-05
4942.0 0.002016816320039466 0.002016816320039466 8.411449025388598e-05
4944.0 0.0021231858903560043 0.0021231858903560043 8.3871177401282e-05
4946.0 0.0022045412931534654 0.0022045412931534654 8.394871864840582e-05
4948.0 0.0021340764094311174 0.0021340764094311174 8.388518918573929e-05
4950.0 0.0021865082694746685 0.0021865082694746685 8.54418618432067e-05
4952.0 0.0017656025633621577 0.0017656025633621577 8.61432520678063e-05
4954.0 0.0017294314999289438 0.0017294314999289438 8.546058868106292e-05
4956.0 0.0020371812736728737 0.0020371812736728737 8.323443192623631e-05
4958.0 0.0022247016226984288 0.0022247016226984288 8.23742347570998e-05
4960.0 0.002361468475330312 0.002361468475330312 8.341583217715175e-05
4962.0 0.002240951650573082 0.002240951650573082 8.512206579305269e-05
4964.0 0.00211798834041996 0.00211798834041996 8.523492631607139e-05
4966.0 0.0018734012095038303 0.0018734012095038303 8.563733764521858e-05
4968.0 0.00217326393994308 0.00217326393994308 8.538829832675309e-05
4970.0 0.0019975040891697777 0.0019975040891697777 8.605207536255369e-05
4972.0 0.0019807531489406363 0.0019807531489406363 8.640176335858034e-05
4974.0 0.001899068594457801 0.001899068594457801 8.65505383062658e-05
4976.0 0.002060405021119266 0.002060405021119266 8.598868454851678e-05
4978.0 0.0018709178444425544 0.0018709178444425544 8.626186004047469e-05
4980.0 0.0020063121621531686 0.0020063121621531686 8.500910557489297e-05
4982.0 0.00228949690931464 0.00228949690931464 8.38244946798217e-05
4984.0 0.0023934103494371345 0.0023934103494371345 8.304975074033213e-05
4986.0 0.002233865252664174 0.002233865252664174 8.466441640155728e-05
4988.0 0.002190257723084913 0.002190257723084913 8.547163428206709e-05
4990.0 0.0020240648408387284 0.0020240648408387284 8.611588647382911e-05
4992.0 0.002078655351066356 0.002078655351066356 8.600977217100899e-05
4994.0 0.0020101181094644457 0.0020101181094644457 8.631326230972938e-05
4996.0 0.001886338115131706 0.001886338115131706 8.557166259701542e-05
4998.0 0.0021740528255755304 0.0021740528255755304 8.470605984329742e-05
5000.0 0.0022043957199392155 0.0022043957199392155 8.385514116292369e-05
5002.0 0.0023473466179085647 0.0023473466179085647 8.387068454960551e-05
5004.0 0.002277596030872911 0.002277596030872911 8.370930616632177e-05
5006.0 0.002216812521018087 0.002216812521018087 8.39369323264884e-05
5008.0 0.0021862612733697874 0.0021862612733697874 8.423224602790489e-05
5010.0 0.0021438022402961434 0.0021438022402961434 8.408011407565666e-05
5012.0 0.0022513269077645767 0.0022513269077645767 8.288842219605712e-05
5014.0 0.0022513730286742974 0.0022513730286742974 8.259221783552205e-05
5016.0 0.002368216367434018 0.002368216367434018 8.251922923918753e-05
5018.0 0.002203766119603299 0.002203766119603299 8.297017744910622e-05
5020.0 0.0021719678472720307 0.0021719678472720307 8.261025373395104e-05
5022.0 0.002258239877198417 0.002258239877198417 8.317858050913442e-05
5024.0 0.002146626280694088 0.002146626280694088 8.274748008493533e-05
5026.0 0.002439870098052123 0.002439870098052123 8.238274484889503e-05
5028.0 0.002500023915229847 0.002500023915229847 8.262779874378108e-05
5030.0 0.0024033580223253212 0.0024033580223253212 8.347463203984647e-05
5032.0 0.0020558142885644722 0.0020558142885644722 8.400436147761647e-05
5034.0 0.0023581195212998085 0.0023581195212998085 8.305480939186983e-05
5036.0 0.002137298180107639 0.002137298180107639 8.246001733062696e-05
5038.0 0.0021932205773234755 0.0021932205773234755 8.140409060979917e-05
5040.0 0.0024812278244684513 0.0024812278244684513 8.038873841614976e-05
5042.0 0.002570584216715948 0.002570584216715948 8.085181615429825e-05
5044.0 0.0021708351264456928 0.0021708351264456928 8.295287486408007e-05
5046.0 0.0019678852007448187 0.0019678852007448187 8.287356085270304e-05
5048.0 0.0020808282768412572 0.0020808282768412572 8.236173451350958e-05
5050.0 0.0023081283911760694 0.0023081283911760694 8.138383931484488e-05
5052.0 0.002363521596031501 0.002363521596031501 8.198886659344458e-05
5054.0 0.0024224662393182842 0.0024224662393182842 8.225664946901551e-05
5056.0 0.002227721045608743 0.002227721045608743 8.286041272905952e-05
5058.0 0.002357204846285194 0.002357204846285194 8.279311593209567e-05
5060.0 0.00227495465927438 0.00227495465927438 8.315695070806692e-05
5062.0 0.002322333243955508 0.002322333243955508 8.311093137341766e-05
5064.0 0.0024865345400127883 0.0024865345400127883 8.271772457898454e-05
5066.0 0.002609686076244791 0.002609686076244791 8.246232960645873e-05
5068.0 0.002314632309377917 0.002314632309377917 8.352686923544133e-05
5070.0 0.0021432849337641173 0.0021432849337641173 8.347857118975365e-05
5072.0 0.0023748950291353887 0.0023748950291353887 8.32582727523394e-05
5074.0 0.0024243945018377795 0.0024243945018377795 8.248232775431451e-05
5076.0 0.002440920981247068 0.002440920981247068 8.281646483879845e-05
5078.0 0.0026312021708989218 0.0026312021708989218 8.2550715319758e-05
5080.0 0.0024257876291662534 0.0024257876291662534 8.398835620031673e-05
5082.0 0.0022671196768456166 0.0022671196768456166 8.549145904159128e-05
5084.0 0.0022175439064709974 0.0022175439064709974 8.742862478069459e-05
5086.0 0.0022519765735911244 0.0022519765735911244 8.740099853505955e-05
5088.0 0.0022005017371730558 0.0022005017371730558 8.688086508373737e-05
5090.0 0.002356664074532541 0.002356664074532541 8.549798938991272e-05
5092.0 0.0023234296109759293 0.0023234296109759293 8.44333520386506e-05
5094.0 0.0021632487916049864 0.0021632487916049864 8.427941609347838e-05
5096.0 0.00218139774977556 0.00218139774977556 8.34694256776456e-05
5098.0 0.0022314722905051143 0.0022314722905051143 8.320333041837369e-05
5100.0 0.0021895723315069446 0.0021895723315069446 8.350679877529849e-05
5102.0 0.0021779596303088313 0.0021779596303088313 8.414433845370996e-05
5104.0 0.0021892326323101545 0.0021892326323101545 8.386710077035452e-05
5106.0 0.0021140063710170386 0.0021140063710170386 8.250020668772247e-05
5108.0 0.0023128887517452697 0.0023128887517452697 8.195902379388005e-05
5110.0 0.0021035873055346996 0.0021035873055346996 8.232328984901735e-05
5112.0 0.0021434359367653423 0.0021434359367653423 8.310965973188436e-05
5114.0 0.0021574304045965647 0.0021574304045965647 8.369766704807381e-05
5116.0 0.0019438708007331936 0.0019438708007331936 8.39297579429339e-05
5118.0 0.0019407349655287827 0.0019407349655287827 8.38568534310908e-05
5120.0 0.0019298134824503987 0.0019298134824503987 8.377293693322653e-05
5122.0 0.0022058332506691355 0.0022058332506691355 8.265747234995444e-05
5124.0 0.002448767813700572 0.002448767813700572 8.18030496689946e-05
5126.0 0.0023730682052396173 0.0023730682052396173 8.186784933060123e-05
5128.0 0.002344001660451506 0.002344001660451506 8.271948466148135e-05
5130.0 0.0023381812748860874 0.0023381812748860874 8.402912546863994e-05
5132.0 0.0023298290706813157 0.0023298290706813157 8.528216195430591e-05
5134.0 0.0020931386280884845 0.0020931386280884845 8.613115470184134e-05
5136.0 0.002151438100552687 0.002151438100552687 8.620475087812089e-05
5138.0 0.002122274544818437 0.002122274544818437 8.580676858776818e-05
5140.0 0.00225215134719961 0.00225215134719961 8.542313396928224e-05
5142.0 0.0022338569914957694 0.0022338569914957694 8.607637590494497e-05
5144.0 0.002220056033021052 0.002220056033021052 8.643923583065023e-05
5146.0 0.002115493827952109 0.002115493827952109 8.619401659772632e-05
5148.0 0.002206262450268995 0.002206262450268995 8.550774983771951e-05
5150.0 0.0023239759956115956 0.0023239759956115956 8.549002980925433e-05
5152.0 0.0022426284792854438 0.0022426284792854438 8.55054468255262e-05
5154.0 0.002210942656898422 0.002210942656898422 8.543009400153278e-05
5156.0 0.0020634651816986696 0.0020634651816986696 8.581036138481021e-05
5158.0 0.0023678890552261593 0.0023678890552261593 8.589994872147592e-05
5160.0 0.0021966962581717623 0.0021966962581717623 8.574017306367342e-05
5162.0 0.0019529425687287165 0.0019529425687287165 8.580760912063213e-05
5164.0 0.0020166457643192356 0.0020166457643192356 8.448793924248745e-05
5166.0 0.002364145450914175 0.002364145450914175 8.166108859673659e-05
5168.0 0.0022266994400332103 0.0022266994400332103 8.155396054530546e-05
5170.0 0.0025212383067524328 0.0025212383067524328 7.999300257933477e-05
5172.0 0.002437996013616557 0.002437996013616557 8.022767023041037e-05
5174.0 0.0022480814530086443 0.0022480814530086443 8.136190521605634e-05
5176.0 0.0020352578340604335 0.0020352578340604335 8.430955101098914e-05
5178.0 0.0017873305390830835 0.0017873305390830835 8.522174784033747e-05
5180.0 0.001922511859357628 0.001922511859357628 8.420916444219531e-05
5182.0 0.0025373410920846453 0.0025373410920846453 8.014984229110334e-05
5184.0 0.0028767117605687387 0.0028767117605687387 8.057092872145805e-05
5186.0 0.002104849574428822 0.002104849574428822 8.463560495754724e-05
5188.0 0.0017847583678900155 0.0017847583678900155 8.825360294511048e-05
5190.0 0.0019754568902733698 0.0019754568902733698 8.675232335961029e-05
5192.0 0.0022673235732386457 0.0022673235732386457 8.544153325873557e-05
5194.0 0.002652801703009199 0.002652801703009199 8.597189734294085e-05
5196.0 0.0019310874770205628 0.0019310874770205628 9.414557492741227e-05
5198.0 0.0016566522692787987 0.0016566522692787987 9.565052058910295e-05
5200.0 0.0017766011386932303 0.0017766011386932303 9.734328193989352e-05
5202.0 0.0016959014421783743 0.0016959014421783743 9.672834413797502e-05
5204.0 0.002630146001227686 0.002630146001227686 9.024962239835885e-05
5206.0 0.002703265056687728 0.002703265056687728 8.570867806217226e-05
5208.0 0.002500127070088956 0.002500127070088956 8.391360768065388e-05
5210.0 0.0020598355668371626 0.0020598355668371626 8.469642497309002e-05
5212.0 0.0022141388517813447 0.0022141388517813447 8.502963364953344e-05
5214.0 0.0026022389596638412 0.0026022389596638412 8.447233799267275e-05
5216.0 0.00263838567744685 0.00263838567744685 8.471592085894214e-05
5218.0 0.002107738103017302 0.002107738103017302 8.580655714378518e-05
5220.0 0.0022695866028677636 0.0022695866028677636 8.73816819702585e-05
5222.0 0.0019298815283331331 0.0019298815283331331 8.911600188130305e-05
5224.0 0.001920543826638528 0.001920543826638528 8.861018903287534e-05
5226.0 0.002508093304149253 0.002508093304149253 8.674417450110087e-05
5228.0 0.0028781398033903556 0.0028781398033903556 8.414183006499302e-05
5230.0 0.002145704955449978 0.002145704955449978 8.482780618598076e-05
5232.0 0.002172141988527517 0.002172141988527517 8.498494725968433e-05
5234.0 0.0026341579100107974 0.0026341579100107974 8.48236753697053e-05
5236.0 0.0024012419271709873 0.0024012419271709873 8.783250424219865e-05
5238.0 0.001441900121020753 0.001441900121020753 8.951070098170912e-05
5240.0 0.001885578197458039 0.001885578197458039 8.976290391689747e-05
5242.0 0.0022448570733019477 0.0022448570733019477 8.783819464759657e-05
5244.0 0.0027662805543544533 0.0027662805543544533 8.452186035157096e-05
5246.0 0.002370065195056384 0.002370065195056384 8.394569898681084e-05
5248.0 0.0019540740779685145 0.0019540740779685145 8.489066000000594e-05
5250.0 0.002289903498203863 0.002289903498203863 8.47004370172723e-05
5252.0 0.0026904815618242176 0.0026904815618242176 8.572638141514944e-05
5254.0 0.0022362769302565044 0.0022362769302565044 8.853364930505329e-05
5256.0 0.0016844311908562357 0.0016844311908562357 8.953077448543914e-05
5258.0 0.001789818461903163 0.001789818461903163 9.002630908750968e-05
5260.0 0.0025092153736777463 0.0025092153736777463 8.79144616815836e-05
5262.0 0.002743447741256576 0.002743447741256576 8.336871603719977e-05
5264.0 0.0026440081233291514 0.0026440081233291514 8.106732575516025e-05
5266.0 0.0024990757004868442 0.0024990757004868442 8.076342390584033e-05
5268.0 0.002502741820839959 0.002502741820839959 8.057005831548961e-05
5270.0 0.0022980573642373565 0.0022980573642373565 8.255341234736871e-05
5272.0 0.0025987126847473257 0.0025987126847473257 8.387659049041444e-05
5274.0 0.0020160527392833233 0.0020160527392833233 8.722169539696055e-05
5276.0 0.0020240178235280187 0.0020240178235280187 8.768731026261476e-05
5278.0 0.0022147143379947195 0.0022147143379947195 8.784338125099802e-05
5280.0 0.0027663784510982697 0.0027663784510982697 8.6043471368313e-05
5282.0 0.003012909967290086 0.003012909967290086 8.359579933828561e-05
5284.0 0.0028215032527561744 0.0028215032527561744 8.414022071240517e-05
5286.0 0.0023331247390888203 0.0023331247390888203 8.484676274817305e-05
5288.0 0.002304753976872071 0.002304753976872071 8.57765511235376e-05
5290.0 0.002362084626966057 0.002362084626966057 8.560308084203138e-05
5292.0 0.002181849578495611 0.002181849578495611 8.63622608164787e-05
5294.0 0.0022703939505918425 0.0022703939505918425 8.619909333601878e-05
5296.0 0.0025080188573136535 0.0025080188573136535 8.621767199345061e-05
5298.0 0.002157978573536173 0.002157978573536173 8.714037800966388e-05
5300.0 0.0023995614567193977 0.0023995614567193977 8.69633246697636e-05
5302.0 0.00254334749656087 0.00254334749656087 8.742562425239111e-05
5304.0 0.0025308019576037863 0.0025308019576037863 8.724424690394136e-05
5306.0 0.002339079469314434 0.002339079469314434 8.744976875434791e-05
5308.0 0.0026184582661517393 0.0026184582661517393 8.731144571524767e-05
5310.0 0.0026231112919740413 0.0026231112919740413 8.819392695165507e-05
5312.0 0.0021498543673047045 0.0021498543673047045 8.852904041470384e-05
5314.0 0.0025860852367917517 0.0025860852367917517 8.836267178700224e-05
5316.0 0.0025760663681869116 0.0025760663681869116 8.770615621707426e-05
5318.0 0.0028108162267195032 0.0028108162267195032 8.767081855016419e-05
5320.0 0.002459224150773606 0.002459224150773606 8.822401917298147e-05
5322.0 0.0027901217381058317 0.0027901217381058317 8.827526398597245e-05
5324.0 0.002562036850456367 0.002562036850456367 8.86923317125648e-05
5326.0 0.0030714912522286815 0.0030714912522286815 8.6749757460289e-05
5328.0 0.0029212110451868048 0.0029212110451868048 8.771503636760379e-05
5330.0 0.002694945204565499 0.002694945204565499 8.817328457336667e-05
5332.0 0.0025787005176226246 0.0025787005176226246 8.994250417458807e-05
5334.0 0.002757418555392712 0.002757418555392712 8.922767716656969e-05
5336.0 0.0027996127189112863 0.0027996127189112863 8.838332394009646e-05
5338.0 0.0027599455966653332 0.0027599455966653332 8.80093161748893e-05
5340.0 0.00264448537057862 0.00264448537057862 8.761610261040725e-05
5342.0 0.0025505802097611826 0.0025505802097611826 8.773871311689337e-05
5344.0 0.0026863958465103755 0.0026863958465103755 8.801100436382372e-05
5346.0 0.00303546321736443 0.00303546321736443 8.80651995191482e-05
5348.0 0.0025353732324456383 0.0025353732324456383 8.871167171298866e-05
5350.0 0.0026717434018101757 0.0026717434018101757 8.923198063217246e-05
5352.0 0.002974197696701144 0.002974197696701144 8.929672847152503e-05
5354.0 0.0029996331729725788 0.0029996331729725788 8.955769811262624e-05
5356.0 0.002709728515864578 0.002709728515864578 8.965671016202501e-05
5358.0 0.0026991929811501403 0.0026991929811501403 8.986484380318156e-05
5360.0 0.002790501630751878 0.002790501630751878 8.831087493454196e-05
5362.0 0.0031101088574811858 0.0031101088574811858 8.707137040334632e-05
5364.0 0.0030242032298607707 0.0030242032298607707 8.675178400745989e-05
5366.0 0.0029220074687966013 0.0029220074687966013 8.738242571812289e-05
5368.0 0.0025538474295357647 0.0025538474295357647 8.743753222394994e-05
5370.0 0.0029685949286049223 0.0029685949286049223 8.72037668393205e-05
5372.0 0.002831622743091647 0.002831622743091647 8.765646881111618e-05
5374.0 0.0025403049676606245 0.0025403049676606245 8.908804010162994e-05
5376.0 0.0025613092372882462 0.0025613092372882462 8.917997073834016e-05
5378.0 0.0026655543599337986 0.0026655543599337986 8.86018978513535e-05
5380.0 0.002866839977645789 0.002866839977645789 8.769342164788844e-05
5382.0 0.0028511949758583295 0.0028511949758583295 8.76085213603692e-05
5384.0 0.0026911926082974907 0.0026911926082974907 8.77055770209718e-05
5386.0 0.002664994989474929 0.002664994989474929 8.788033052012263e-05
5388.0 0.0026941937011781417 0.0026941937011781417 8.817521863947523e-05
5390.0 0.0025252202503952105 0.0025252202503952105 8.812002808107516e-05
5392.0 0.0027398621333973336 0.0027398621333973336 8.843495498166577e-05
5394.0 0.002724808025299133 0.002724808025299133 8.77065275040055e-05
5396.0 0.0028910873503357 0.0028910873503357 8.743243548441239e-05
5398.0 0.002792916599155774 0.002792916599155774 8.719052235203803e-05
5400.0 0.0028925722059446324 0.0028925722059446324 8.779902163213709e-05
5402.0 0.0031039538233512197 0.0031039538233512197 8.742392937522735e-05
5404.0 0.0029003895216958256 0.0029003895216958256 8.664967223137806e-05
5406.0 0.0028145057361157037 0.0028145057361157037 8.635536730736125e-05
5408.0 0.0028769495480566857 0.0028769495480566857 8.67839529889274e-05
5410.0 0.0028973737515397917 0.0028973737515397917 8.768394720821694e-05
5412.0 0.0027459796047119554 0.0027459796047119554 8.779753992704769e-05
5414.0 0.0027467961824198094 0.0027467961824198094 8.864224253090368e-05
5416.0 0.0027370416366794964 0.0027370416366794964 8.886986172579645e-05
5418.0 0.0028178791039256915 0.0028178791039256915 8.89905268905346e-05
5420.0 0.0027650916118992378 0.0027650916118992378 8.921686579032133e-05
5422.0 0.0028139907973475744 0.0028139907973475744 8.859787684212635e-05
5424.0 0.0026848989781349582 0.0026848989781349582 8.862621776061485e-05
5426.0 0.002664334814046326 0.002664334814046326 8.925373040699703e-05
5428.0 0.002879006073850258 0.002879006073850258 8.912083484583785e-05
5430.0 0.0029397271599632974 0.0029397271599632974 8.923276518210933e-05
5432.0 0.003056302359555748 0.003056302359555748 8.889303024124398e-05
5434.0 0.002750695013986366 0.002750695013986366 8.932497473967473e-05
5436.0 0.0028881816590631813 0.0028881816590631813 8.982895888353949e-05
5438.0 0.0027380212223686922 0.0027380212223686922 9.083090826824234e-05
5440.0 0.0026483161539962905 0.0026483161539962905 9.113073490605588e-05
5442.0 0.0026133421474349235 0.0026133421474349235 9.080475070538838e-05
5444.0 0.0029124353611070693 0.0029124353611070693 9.030813870889359e-05
5446.0 0.002902955107792735 0.002902955107792735 8.976154976520886e-05
5448.0 0.0028772776325643873 0.0028772776325643873 9.030357922947354e-05
5450.0 0.002790142834957907 0.002790142834957907 9.06519806980581e-05
5452.0 0.0031088363647946045 0.0031088363647946045 9.067209075341517e-05
5454.0 0.0033177162069678743 0.0033177162069678743 9.032932106192029e-05
5456.0 0.0031250242585288473 0.0031250242585288473 9.458597816747211e-05
5458.0 0.0013455695334007962 0.0013455695334007962 0.00010930090775585753
5460.0 0.001241547264676632 0.001241547264676632 0.00010985995298790397
5462.0 0.0038167197018071446 0.0038167197018071446 0.00010900640942416365
5464.0 0.005167150740737607 0.005167150740737607 0.00010543997477822117
5466.0 0.004353733408952488 0.004353733408952488 9.485029742840062e-05
5468.0 0.0032161423213453383 0.0032161423213453383 9.231337606880923e-05
5470.0 0.003182686191385871 0.003182686191385871 9.188294354702819e-05
5472.0 0.003213244505375227 0.003213244505375227 9.1686484082851e-05
5474.0 0.0033270475988417367 0.0033270475988417367 9.093747560371242e-05
5476.0 0.0033466729615933707 0.0033466729615933707 9.055962205147423e-05
5478.0 0.0029818578521438053 0.0029818578521438053 9.079592959133098e-05
5480.0 0.0026671551382068024 0.0026671551382068024 9.216124505920213e-05
5482.0 0.0024345927016748876 0.0024345927016748876 9.332287647180813e-05
5484.0 0.0029348265351161005 0.0029348265351161005 9.35011533507135e-05
5486.0 0.0036851797403592112 0.0036851797403592112 9.314366890236516e-05
5488.0 0.003532032210196234 0.003532032210196234 9.181263112241337e-05
5490.0 0.003248147266618663 0.003248147266618663 9.061797813753343e-05
5492.0 0.0028757834710546196 0.0028757834710546196 8.994461016009314e-05
5494.0 0.0027224302122026848 0.0027224302122026848 8.966284795687205e-05
5496.0 0.0023832499302268704 0.0023832499302268704 8.887748457185733e-05
5498.0 0.0022983470066291188 0.0022983470066291188 8.870955305328796e-05
5500.0 0.002358357616092707 0.002358357616092707 8.772142841520164e-05
5502.0 0.0021585280051301123 0.0021585280051301123 8.630095963729953e-05
5504.0 0.0022631337426384825 0.0022631337426384825 8.43142501430496e-05
5506.0 0.0021344531419290815 0.0021344531419290815 8.251640367742147e-05
5508.0 0.002179146516074347 0.002179146516074347 8.081108945098062e-05
5510.0 0.0023049870919121616 0.0023049870919121616 7.860830742571233e-05
5512.0 0.002080263884136419 0.002080263884136419 7.602162344113687e-05
5514.0 0.0022556731627609845 0.0022556731627609845 7.328873143523556e-05
5516.0 0.002326400065700212 0.002326400065700212 7.015587723748808e-05
5518.0 0.0024297096731967422 0.0024297096731967422 6.650355740473016e-05
5520.0 0.002449611684112687 0.002449611684112687 6.28055936360783e-05
5522.0 0.002446627002251023 0.002446627002251023 5.8634090273079676e-05
5524.0 0.002514898401723637 0.002514898401723637 5.524827870826137e-05
5526.0 0.0025416197050116326 0.0025416197050116326 5.242396055570154e-05
5528.0 0.0025704976435561126 0.0025704976435561126 5.0315942560334845e-05
5530.0 0.0025790128608601227 0.0025790128608601227 4.900076755597702e-05
5532.0 0.002562970126905925 0.002562970126905925 4.807423344232885e-05
5534.0 0.002565519756048215 0.002565519756048215 4.698659646340264e-05
5536.0 0.0025662285967996217 0.0025662285967996217 4.698117965099551e-05
5538.0 0.002566181876502544 0.002566181876502544 4.698010948356758e-05
5540.0 0.0025662227723126183 0.0025662227723126183 4.697908582518922e-05
